Time0:Community0:
111           
[19, 30, 32, 35, 65, 76, 78, 80, 84, 87, 88, 97, 110, 112, 118, 121, 122, 126, 147, 159, 172, 177, 178, 179, 184, 185, 187, 201, 212, 223, 224, 225, 226, 234, 254, 256, 260, 275, 293, 311, 316, 332, 338, 354, 359, 365, 374, 380, 387, 411, 415, 426, 428, 430, 431, 470, 471, 473, 478, 485, 486, 497, 502, 511, 512, 518, 530, 542, 546, 549, 551, 574, 575, 576, 583, 604, 606, 611, 612, 629, 673, 687, 691, 700, 710, 721, 726, 727, 734, 745, 746, 751, 773, 779, 789, 792, 812, 816, 823, 824, 825, 826, 832, 844, 850, 866, 870, 878, 881, 882, 883]Community1:
76           
[1, 7, 41, 45, 60, 61, 71, 72, 73, 101, 103, 104, 105, 109, 132, 133, 167, 170, 194, 196, 200, 202, 208, 214, 233, 241, 272, 288, 297, 324, 329, 344, 351, 371, 375, 432, 443, 467, 481, 483, 491, 494, 499, 517, 521, 554, 586, 587, 590, 592, 600, 613, 615, 627, 636, 642, 643, 667, 669, 690, 705, 706, 709, 736, 741, 747, 750, 757, 821, 854, 873, 874, 875, 880, 885, 892]Community2:
75           
[4, 20, 36, 42, 58, 92, 93, 107, 120, 123, 130, 131, 135, 136, 152, 173, 174, 189, 192, 203, 218, 221, 230, 243, 266, 270, 290, 345, 361, 376, 378, 379, 393, 418, 423, 456, 461, 484, 492, 498, 500, 510, 520, 543, 544, 545, 552, 572, 585, 609, 618, 620, 623, 634, 670, 674, 686, 694, 696, 707, 715, 722, 778, 782, 783, 790, 836, 841, 848, 862, 863, 889, 893, 894, 896]Community3:
72           
[14, 24, 25, 27, 33, 34, 43, 52, 53, 63, 64, 69, 75, 83, 85, 114, 119, 150, 183, 211, 216, 228, 245, 258, 268, 274, 282, 287, 294, 313, 315, 326, 331, 336, 342, 346, 350, 352, 355, 391, 419, 420, 421, 468, 474, 477, 482, 487, 501, 514, 557, 579, 580, 596, 598, 607, 616, 625, 641, 644, 685, 701, 729, 730, 738, 739, 740, 753, 770, 776, 833, 861]Community4:
71           
[23, 66, 82, 86, 98, 100, 102, 157, 235, 238, 242, 257, 273, 281, 283, 289, 321, 328, 333, 340, 347, 348, 385, 386, 388, 392, 395, 405, 424, 433, 441, 442, 447, 451, 460, 462, 463, 472, 526, 556, 581, 608, 610, 633, 675, 678, 688, 693, 703, 708, 712, 728, 735, 737, 749, 764, 766, 772, 815, 818, 827, 842, 843, 846, 855, 856, 858, 860, 869, 886, 887]Community5:
62           
[5, 6, 18, 39, 46, 51, 77, 158, 176, 181, 188, 206, 219, 231, 236, 237, 239, 248, 252, 261, 277, 280, 308, 323, 356, 358, 369, 370, 372, 373, 414, 452, 504, 519, 553, 555, 578, 594, 624, 628, 632, 638, 656, 671, 689, 692, 702, 711, 713, 717, 742, 748, 785, 787, 813, 830, 831, 835, 857, 859, 897, 898]Community6:
62           
[3, 8, 48, 57, 62, 74, 90, 95, 116, 128, 149, 153, 155, 156, 171, 197, 222, 227, 240, 244, 253, 267, 269, 292, 319, 334, 339, 362, 363, 364, 390, 429, 434, 435, 436, 446, 448, 450, 469, 475, 503, 507, 560, 588, 591, 602, 639, 640, 662, 731, 744, 758, 759, 760, 762, 767, 791, 838, 852, 867, 884, 890]Community7:
56           
[31, 38, 44, 47, 55, 56, 59, 79, 94, 124, 127, 129, 190, 193, 217, 232, 250, 276, 284, 310, 314, 318, 322, 343, 353, 382, 389, 445, 493, 495, 522, 523, 524, 573, 582, 599, 601, 619, 631, 645, 718, 720, 724, 725, 732, 733, 761, 780, 781, 834, 837, 839, 845, 853, 868, 895]Community8:
53           
[13, 37, 40, 54, 81, 91, 99, 111, 164, 166, 169, 204, 205, 210, 229, 249, 264, 265, 285, 296, 317, 320, 325, 335, 357, 381, 412, 417, 422, 425, 464, 466, 479, 490, 506, 508, 516, 538, 541, 559, 589, 595, 622, 626, 668, 677, 719, 723, 743, 777, 820, 871, 872]Community9:
47           
[49, 96, 106, 108, 125, 134, 148, 180, 182, 198, 209, 215, 247, 271, 278, 330, 341, 349, 360, 437, 509, 515, 539, 547, 558, 577, 593, 597, 617, 635, 637, 672, 676, 704, 763, 774, 775, 786, 788, 814, 817, 822, 829, 864, 876, 891, 899]Community10:
23           
[50, 70, 89, 117, 154, 186, 220, 251, 286, 291, 295, 367, 394, 444, 496, 540, 548, 714, 752, 840, 849, 877, 888]Community11:
7           
[2, 115, 279, 383, 384, 716, 851]Community12:
2           
[505, 584]Communities count: 13
Time1:Community0:
114           
[16, 17, 19, 22, 30, 37, 39, 44, 56, 60, 73, 77, 78, 87, 97, 101, 105, 126, 133, 139, 141, 156, 168, 178, 179, 185, 190, 191, 201, 206, 207, 216, 220, 223, 230, 234, 241, 242, 248, 258, 260, 323, 324, 338, 352, 356, 359, 365, 369, 370, 373, 375, 379, 422, 423, 431, 437, 447, 449, 480, 483, 487, 499, 516, 517, 518, 531, 532, 535, 540, 555, 566, 575, 585, 586, 589, 590, 592, 594, 600, 613, 616, 627, 632, 639, 643, 681, 687, 690, 706, 711, 714, 723, 726, 728, 730, 742, 747, 748, 749, 787, 789, 798, 806, 807, 812, 813, 823, 825, 870, 872, 875, 879, 880]Community1:
84           
[2, 28, 32, 41, 43, 81, 98, 99, 104, 113, 124, 130, 134, 148, 155, 164, 166, 171, 182, 196, 198, 208, 213, 239, 240, 245, 249, 253, 276, 279, 288, 289, 297, 301, 303, 305, 316, 320, 325, 327, 348, 350, 351, 361, 389, 428, 436, 445, 503, 508, 510, 521, 530, 534, 554, 561, 574, 582, 619, 631, 645, 677, 679, 680, 688, 699, 700, 704, 705, 724, 738, 743, 756, 778, 804, 810, 834, 851, 853, 857, 861, 871, 892, 895]Community2:
67           
[5, 34, 52, 54, 64, 66, 67, 72, 88, 103, 123, 158, 193, 228, 236, 262, 281, 282, 284, 287, 328, 340, 366, 381, 391, 419, 429, 453, 493, 494, 497, 501, 504, 514, 559, 569, 570, 580, 593, 596, 624, 626, 670, 685, 691, 716, 720, 727, 735, 740, 752, 753, 771, 779, 781, 788, 791, 805, 808, 809, 819, 833, 837, 865, 888, 898, 899]Community3:
65           
[7, 31, 40, 92, 100, 128, 131, 147, 153, 203, 214, 224, 227, 259, 264, 265, 266, 272, 278, 280, 319, 333, 337, 345, 360, 367, 376, 409, 425, 448, 450, 459, 464, 465, 473, 496, 537, 552, 572, 578, 581, 595, 622, 623, 683, 689, 698, 702, 733, 736, 744, 751, 764, 777, 815, 828, 831, 847, 848, 855, 858, 860, 864, 876, 894]Community4:
61           
[18, 21, 55, 71, 86, 102, 157, 192, 205, 209, 222, 229, 286, 302, 309, 332, 353, 354, 383, 384, 392, 403, 405, 411, 412, 417, 424, 434, 438, 472, 507, 523, 526, 528, 614, 615, 668, 675, 676, 696, 703, 763, 768, 773, 774, 775, 780, 782, 786, 797, 799, 800, 818, 829, 832, 843, 869, 874, 887, 890, 897]Community5:
54           
[9, 45, 48, 57, 58, 62, 68, 117, 160, 161, 163, 176, 204, 231, 235, 237, 251, 252, 263, 291, 292, 304, 308, 335, 385, 388, 394, 395, 416, 433, 442, 452, 460, 522, 602, 606, 608, 618, 693, 718, 721, 731, 734, 755, 762, 765, 766, 769, 790, 796, 856, 859, 862, 878]Community6:
50           
[4, 29, 61, 65, 85, 119, 137, 140, 144, 150, 184, 221, 256, 257, 268, 275, 294, 315, 331, 341, 346, 380, 386, 427, 432, 443, 455, 479, 491, 492, 505, 513, 541, 544, 548, 563, 576, 625, 633, 644, 667, 697, 719, 729, 754, 783, 801, 811, 826, 854]Community7:
50           
[3, 8, 35, 46, 80, 90, 122, 149, 197, 199, 200, 219, 244, 255, 267, 269, 283, 296, 322, 347, 362, 363, 426, 435, 446, 451, 486, 490, 506, 519, 529, 538, 545, 551, 556, 621, 640, 641, 662, 678, 715, 745, 759, 767, 827, 836, 838, 852, 867, 886]Community8:
45           
[26, 49, 70, 93, 94, 106, 120, 129, 138, 172, 173, 195, 233, 243, 247, 271, 277, 290, 306, 307, 314, 339, 393, 457, 466, 477, 515, 524, 549, 557, 558, 560, 562, 630, 695, 770, 772, 822, 863, 882, 883, 884, 885, 891, 896]Community9:
39           
[14, 36, 59, 63, 75, 84, 96, 127, 159, 183, 187, 238, 250, 254, 274, 300, 330, 336, 357, 374, 415, 418, 484, 495, 539, 567, 587, 588, 591, 620, 634, 701, 710, 713, 737, 758, 803, 821, 842]Community10:
37           
[6, 51, 142, 194, 285, 298, 299, 313, 318, 326, 387, 421, 454, 478, 511, 512, 527, 546, 564, 565, 598, 601, 605, 610, 638, 673, 674, 692, 725, 732, 750, 784, 785, 802, 830, 839, 868]Community11:
36           
[1, 13, 38, 89, 107, 108, 109, 118, 125, 132, 165, 175, 181, 349, 371, 372, 382, 498, 502, 509, 536, 604, 611, 617, 628, 635, 637, 672, 694, 708, 741, 760, 824, 846, 850, 873]Community12:
33           
[10, 33, 47, 53, 69, 83, 121, 162, 180, 186, 226, 261, 293, 355, 414, 420, 458, 543, 568, 579, 597, 629, 636, 671, 682, 709, 717, 739, 776, 795, 835, 881, 889]Community13:
27           
[11, 15, 50, 91, 135, 136, 152, 154, 202, 270, 295, 329, 378, 390, 439, 444, 463, 542, 547, 656, 669, 684, 686, 712, 746, 757, 844]Communities count: 14
Time2:Community0:
56           
[9, 40, 62, 72, 93, 107, 120, 123, 133, 150, 156, 169, 173, 180, 182, 183, 187, 197, 222, 243, 247, 251, 279, 290, 297, 345, 349, 351, 375, 376, 418, 435, 437, 489, 498, 515, 518, 543, 554, 625, 627, 637, 644, 671, 703, 713, 759, 775, 782, 786, 802, 809, 838, 861, 863, 875]Community1:
54           
[30, 39, 44, 45, 46, 57, 58, 61, 77, 78, 101, 104, 126, 127, 128, 130, 206, 242, 258, 292, 356, 369, 370, 371, 379, 396, 398, 422, 432, 457, 482, 494, 517, 540, 560, 589, 592, 594, 613, 632, 728, 736, 791, 812, 813, 816, 821, 829, 834, 848, 852, 873, 880, 896]Community2:
43           
[12, 19, 36, 54, 81, 98, 134, 198, 205, 229, 239, 250, 322, 363, 401, 412, 417, 481, 484, 491, 521, 547, 567, 574, 615, 619, 631, 641, 643, 645, 655, 691, 757, 767, 780, 783, 787, 833, 853, 857, 871, 892, 895]Community3:
41           
[43, 48, 50, 60, 82, 91, 105, 106, 143, 152, 154, 194, 240, 326, 333, 350, 386, 388, 395, 423, 429, 433, 442, 444, 446, 463, 492, 542, 600, 609, 636, 706, 727, 734, 763, 766, 790, 856, 870, 878, 891]Community4:
39           
[3, 4, 6, 8, 29, 53, 186, 261, 264, 278, 285, 296, 313, 346, 355, 360, 367, 414, 420, 428, 443, 490, 512, 516, 522, 538, 544, 546, 579, 596, 598, 662, 677, 730, 742, 788, 823, 854, 883]Community5:
35           
[7, 56, 121, 124, 151, 185, 188, 190, 226, 233, 276, 318, 347, 368, 389, 421, 447, 480, 495, 497, 556, 578, 601, 618, 726, 732, 735, 778, 822, 831, 839, 844, 855, 868, 881]Community6:
33           
[14, 51, 68, 83, 85, 142, 146, 149, 216, 224, 237, 252, 281, 294, 298, 383, 438, 472, 507, 539, 564, 676, 690, 701, 709, 725, 738, 739, 784, 830, 842, 874, 890]Community7:
31           
[28, 52, 64, 66, 70, 100, 129, 196, 202, 245, 288, 321, 324, 328, 348, 391, 399, 419, 434, 445, 448, 450, 493, 562, 603, 705, 751, 756, 760, 832, 887]Community8:
31           
[33, 97, 108, 132, 141, 178, 192, 231, 265, 293, 295, 308, 359, 382, 393, 452, 476, 477, 509, 545, 585, 593, 597, 616, 617, 638, 777, 825, 846, 859, 865]Community9:
30           
[1, 38, 55, 59, 65, 145, 184, 193, 221, 227, 230, 234, 244, 280, 283, 284, 329, 387, 390, 496, 504, 526, 559, 741, 748, 752, 789, 797, 843, 862]Community10:
30           
[18, 49, 63, 90, 94, 96, 260, 270, 274, 307, 337, 378, 400, 424, 523, 529, 557, 558, 595, 602, 686, 708, 710, 737, 749, 762, 770, 803, 867, 897]Community11:
29           
[31, 73, 84, 92, 117, 209, 214, 220, 236, 241, 259, 287, 336, 357, 373, 394, 483, 525, 622, 623, 630, 633, 699, 724, 733, 747, 753, 858, 898]Community12:
27           
[2, 47, 69, 71, 86, 102, 157, 172, 255, 268, 319, 365, 384, 392, 405, 431, 530, 549, 590, 654, 695, 729, 745, 776, 806, 869, 876]Community13:
27           
[75, 99, 135, 164, 179, 200, 219, 238, 248, 249, 320, 323, 362, 397, 415, 460, 502, 510, 531, 541, 628, 634, 672, 673, 719, 743, 872]Community14:
23           
[137, 181, 257, 282, 341, 366, 372, 479, 485, 501, 533, 548, 555, 572, 580, 582, 624, 635, 794, 805, 817, 827, 851]Community15:
6           
[119, 153, 571, 698, 744, 811]Communities count: 16
Time3:Community0:
67           
[4, 9, 40, 45, 52, 62, 70, 81, 92, 93, 101, 107, 119, 124, 133, 141, 152, 178, 183, 187, 192, 222, 249, 251, 270, 287, 290, 295, 315, 349, 376, 382, 389, 406, 422, 437, 477, 488, 507, 517, 543, 545, 595, 597, 627, 637, 644, 646, 650, 652, 703, 706, 725, 726, 782, 787, 790, 800, 802, 811, 822, 834, 861, 863, 873, 875, 897]Community1:
53           
[42, 49, 54, 106, 123, 197, 201, 206, 247, 252, 282, 288, 326, 371, 390, 431, 444, 446, 448, 450, 484, 489, 493, 494, 501, 518, 521, 523, 540, 562, 573, 578, 580, 588, 589, 594, 596, 628, 643, 653, 672, 721, 757, 760, 763, 784, 805, 825, 830, 833, 855, 881, 891]Community2:
50           
[3, 8, 33, 53, 68, 83, 182, 228, 244, 257, 261, 279, 285, 296, 307, 333, 355, 357, 415, 418, 420, 428, 479, 538, 539, 546, 548, 550, 555, 557, 558, 579, 598, 624, 633, 636, 641, 662, 671, 701, 730, 735, 738, 742, 745, 759, 788, 806, 829, 883]Community3:
46           
[19, 31, 36, 43, 90, 135, 157, 173, 179, 184, 194, 235, 283, 322, 345, 346, 363, 386, 388, 393, 395, 423, 435, 442, 443, 471, 480, 492, 497, 516, 529, 619, 645, 700, 734, 737, 740, 748, 766, 797, 854, 858, 860, 867, 870, 895]Community4:
41           
[6, 48, 64, 72, 97, 105, 142, 186, 196, 216, 238, 255, 258, 259, 268, 276, 292, 308, 319, 391, 405, 445, 482, 496, 530, 585, 592, 630, 647, 679, 690, 705, 709, 729, 739, 751, 762, 776, 874, 876, 878]Community5:
35           
[12, 35, 39, 77, 78, 99, 134, 164, 188, 205, 229, 239, 248, 297, 320, 323, 362, 369, 370, 373, 375, 398, 417, 510, 531, 602, 632, 634, 655, 767, 813, 853, 857, 871, 872]Community6:
31           
[46, 84, 126, 185, 231, 264, 265, 293, 353, 387, 434, 451, 478, 491, 512, 541, 572, 593, 613, 616, 618, 673, 676, 743, 775, 777, 783, 786, 856, 865, 868]Community7:
22           
[59, 153, 221, 227, 236, 250, 329, 360, 447, 495, 498, 502, 515, 544, 600, 698, 713, 720, 744, 753, 844, 898]Community8:
16           
[50, 91, 154, 220, 394, 421, 433, 476, 499, 525, 617, 638, 696, 727, 733, 846]Community9:
14           
[86, 94, 131, 224, 230, 234, 243, 367, 379, 424, 522, 549, 695, 887]Community10:
12           
[1, 55, 56, 60, 193, 260, 284, 337, 559, 741, 752, 843]Community11:
11           
[2, 47, 102, 198, 347, 383, 384, 392, 556, 789, 869]Community12:
11           
[18, 96, 240, 242, 274, 336, 400, 686, 708, 778, 803]Community13:
3           
[58, 100, 832]Community14:
2           
[117, 161]Community15:
2           
[241, 432]Community16:
2           
[129, 601]Communities count: 17
Time4:Community0:
76           
[3, 9, 40, 45, 49, 68, 92, 93, 94, 102, 107, 119, 123, 131, 141, 173, 175, 177, 179, 190, 222, 226, 250, 251, 257, 260, 261, 262, 270, 286, 287, 290, 333, 349, 373, 376, 383, 388, 389, 390, 394, 418, 437, 453, 472, 477, 479, 484, 507, 515, 530, 545, 548, 555, 557, 597, 609, 626, 631, 636, 652, 660, 671, 695, 703, 707, 742, 749, 759, 811, 813, 822, 854, 863, 868, 896]Community1:
52           
[12, 36, 62, 80, 81, 97, 99, 134, 152, 164, 182, 197, 205, 206, 229, 239, 295, 319, 320, 323, 351, 356, 362, 372, 398, 415, 417, 486, 488, 489, 496, 497, 501, 510, 521, 544, 558, 582, 588, 592, 630, 634, 644, 780, 825, 853, 857, 861, 871, 872, 895, 897]Community2:
42           
[31, 43, 90, 91, 188, 242, 256, 326, 347, 350, 363, 371, 377, 386, 393, 395, 406, 408, 424, 429, 433, 434, 435, 442, 446, 451, 478, 485, 540, 556, 622, 696, 733, 734, 754, 812, 834, 856, 858, 867, 870, 878]Community3:
38           
[6, 8, 51, 65, 106, 150, 183, 184, 187, 221, 244, 247, 264, 283, 285, 293, 296, 346, 387, 404, 490, 519, 538, 542, 546, 564, 573, 648, 661, 662, 725, 745, 763, 775, 785, 786, 804, 830]Community4:
35           
[39, 50, 55, 56, 60, 70, 129, 132, 154, 156, 178, 196, 224, 249, 284, 360, 367, 369, 391, 431, 444, 445, 463, 481, 601, 615, 617, 747, 748, 752, 787, 788, 789, 833, 846]Community5:
35           
[4, 33, 53, 83, 104, 186, 236, 245, 281, 294, 313, 315, 332, 355, 420, 421, 443, 454, 492, 493, 517, 523, 596, 624, 645, 659, 701, 713, 732, 738, 753, 805, 851, 881, 883]Community6:
30           
[1, 101, 126, 133, 237, 241, 265, 276, 357, 413, 423, 432, 447, 452, 495, 498, 499, 531, 541, 595, 627, 719, 741, 766, 777, 778, 782, 790, 844, 891]Community7:
29           
[5, 52, 64, 142, 258, 279, 282, 292, 298, 365, 403, 407, 422, 428, 480, 482, 552, 560, 572, 589, 594, 705, 706, 751, 755, 829, 873, 874, 880]Community8:
22           
[28, 105, 128, 153, 216, 246, 255, 268, 324, 585, 593, 598, 641, 690, 709, 729, 736, 739, 744, 776, 802, 876]Community9:
19           
[18, 84, 96, 240, 259, 274, 336, 400, 543, 559, 673, 676, 686, 708, 712, 727, 730, 803, 843]Community10:
16           
[2, 47, 69, 157, 238, 308, 337, 384, 410, 448, 450, 651, 674, 711, 737, 743]Community11:
8           
[71, 86, 297, 345, 392, 637, 869, 892]Community12:
5           
[59, 158, 227, 657, 757]Community13:
4           
[578, 590, 721, 831]Community14:
3           
[172, 549, 658]Community15:
3           
[359, 516, 740]Community16:
2           
[32, 46]Community17:
2           
[48, 522]Community18:
2           
[440, 476]Community19:
2           
[144, 618]Community20:
2           
[220, 625]Community21:
2           
[491, 783]Communities count: 22
Time5:Community0:
59           
[4, 40, 49, 52, 55, 93, 101, 107, 123, 127, 154, 173, 179, 182, 187, 197, 234, 243, 245, 249, 251, 264, 270, 287, 290, 295, 383, 388, 417, 435, 445, 480, 507, 512, 515, 538, 543, 545, 559, 594, 597, 598, 627, 636, 644, 662, 665, 671, 706, 745, 757, 759, 782, 785, 786, 839, 861, 863, 897]Community1:
39           
[39, 51, 60, 77, 78, 133, 134, 152, 156, 184, 185, 226, 231, 242, 248, 283, 284, 329, 345, 370, 371, 373, 387, 481, 517, 541, 572, 593, 613, 628, 632, 637, 655, 741, 752, 788, 789, 794, 868]Community2:
38           
[45, 62, 90, 91, 183, 194, 198, 247, 294, 312, 346, 376, 395, 434, 451, 478, 501, 542, 588, 590, 641, 649, 652, 663, 664, 727, 734, 766, 790, 844, 854, 857, 867, 870, 873, 875, 878, 893]Community3:
30           
[121, 153, 178, 221, 236, 239, 250, 274, 319, 349, 363, 391, 419, 421, 424, 428, 431, 443, 502, 518, 521, 540, 544, 596, 713, 736, 737, 744, 753, 780]Community4:
30           
[33, 53, 83, 97, 105, 106, 142, 150, 186, 260, 281, 313, 355, 420, 546, 579, 595, 624, 625, 701, 730, 732, 738, 751, 793, 803, 830, 831, 874, 881]Community5:
28           
[9, 36, 177, 220, 280, 296, 318, 390, 394, 415, 418, 422, 433, 437, 446, 488, 491, 498, 504, 558, 567, 573, 634, 650, 703, 725, 783, 851]Community6:
23           
[18, 84, 94, 96, 238, 240, 257, 336, 389, 400, 442, 493, 523, 548, 555, 673, 686, 708, 762, 778, 822, 843, 856]Community7:
20           
[6, 14, 216, 255, 258, 265, 292, 293, 324, 357, 484, 522, 585, 592, 690, 709, 735, 739, 777, 890]Community8:
19           
[12, 75, 92, 99, 164, 188, 205, 320, 323, 362, 386, 486, 510, 531, 609, 615, 853, 872, 895]Community9:
16           
[2, 19, 47, 69, 128, 206, 268, 356, 384, 448, 450, 492, 661, 676, 729, 776]Community10:
12           
[68, 81, 85, 174, 222, 229, 261, 402, 479, 742, 775, 883]Community11:
11           
[102, 204, 225, 308, 392, 557, 666, 711, 743, 869, 871]Community12:
5           
[141, 310, 476, 477, 617]Community13:
4           
[3, 8, 244, 490]Community14:
4           
[73, 241, 586, 726]Community15:
4           
[119, 181, 635, 672]Community16:
3           
[282, 423, 705]Community17:
3           
[495, 560, 891]Community18:
2           
[31, 733]Community19:
2           
[50, 444]Community20:
2           
[58, 832]Community21:
2           
[61, 494]Community22:
2           
[80, 360]Community23:
2           
[447, 600]Community24:
2           
[833, 858]Community25:
2           
[527, 876]Communities count: 26
