Time0:Community0:
86           
[7, 37, 46, 49, 51, 57, 81, 91, 94, 96, 98, 99, 109, 111, 148, 158, 164, 171, 182, 188, 198, 211, 215, 219, 229, 240, 245, 247, 261, 279, 285, 292, 296, 310, 315, 320, 322, 330, 335, 343, 385, 414, 417, 422, 445, 508, 515, 558, 578, 582, 589, 619, 626, 641, 644, 645, 668, 671, 676, 685, 703, 704, 716, 735, 743, 748, 763, 780, 785, 788, 817, 820, 830, 831, 833, 851, 853, 855, 861, 866, 871, 872, 876, 885, 887, 895]Community1:
75           
[5, 6, 39, 77, 116, 121, 129, 153, 155, 176, 177, 181, 204, 206, 224, 225, 226, 231, 236, 237, 238, 239, 242, 248, 277, 291, 308, 323, 356, 358, 365, 369, 370, 372, 373, 390, 411, 442, 447, 448, 450, 452, 460, 469, 517, 519, 553, 555, 577, 583, 594, 600, 611, 616, 624, 632, 638, 689, 702, 711, 713, 728, 731, 744, 751, 791, 813, 832, 835, 856, 857, 859, 881, 886, 898]Community2:
68           
[19, 27, 41, 45, 54, 60, 61, 73, 103, 104, 125, 133, 150, 170, 172, 179, 183, 187, 208, 214, 216, 221, 241, 257, 258, 274, 281, 324, 329, 341, 344, 346, 352, 375, 384, 430, 441, 467, 471, 474, 481, 491, 494, 499, 504, 544, 552, 585, 587, 590, 592, 610, 613, 615, 625, 627, 636, 642, 690, 709, 736, 747, 757, 821, 874, 875, 880, 894]Community3:
63           
[23, 62, 74, 78, 82, 84, 86, 100, 102, 157, 235, 256, 273, 289, 321, 328, 333, 347, 348, 354, 378, 386, 388, 392, 395, 405, 424, 426, 451, 462, 463, 526, 542, 556, 581, 591, 608, 675, 678, 686, 688, 693, 700, 708, 712, 721, 734, 737, 749, 764, 766, 772, 778, 790, 815, 818, 827, 843, 846, 858, 860, 869, 890]Community4:
62           
[4, 20, 36, 42, 58, 92, 93, 107, 120, 123, 130, 131, 152, 173, 174, 189, 192, 203, 218, 230, 243, 266, 270, 290, 311, 345, 361, 376, 379, 393, 418, 461, 484, 492, 498, 500, 510, 520, 543, 609, 620, 623, 634, 670, 674, 694, 696, 707, 714, 715, 722, 783, 836, 841, 848, 854, 862, 863, 889, 892, 893, 896]Community5:
61           
[3, 8, 48, 90, 95, 122, 147, 149, 184, 197, 227, 244, 267, 269, 286, 319, 334, 362, 363, 364, 387, 412, 428, 429, 431, 434, 435, 437, 446, 490, 503, 507, 511, 518, 538, 545, 559, 560, 574, 588, 602, 604, 639, 640, 643, 662, 677, 687, 691, 742, 746, 758, 759, 760, 762, 767, 792, 826, 838, 852, 867]Community6:
57           
[2, 14, 24, 33, 34, 43, 52, 53, 64, 69, 75, 83, 87, 114, 119, 186, 222, 228, 282, 287, 294, 313, 326, 331, 336, 342, 350, 355, 383, 391, 419, 420, 421, 433, 468, 472, 482, 487, 501, 514, 516, 557, 579, 580, 596, 598, 607, 701, 730, 732, 738, 739, 740, 753, 770, 776, 782]Community7:
55           
[18, 31, 38, 44, 47, 55, 56, 59, 63, 66, 79, 124, 127, 166, 190, 193, 217, 232, 250, 268, 276, 284, 314, 318, 332, 340, 349, 353, 382, 389, 436, 493, 495, 523, 524, 573, 599, 601, 631, 717, 718, 720, 724, 725, 729, 733, 761, 781, 787, 834, 837, 839, 845, 868, 897]Community8:
54           
[1, 32, 72, 88, 101, 106, 108, 118, 132, 134, 200, 202, 209, 212, 252, 254, 271, 278, 297, 316, 351, 360, 371, 432, 443, 509, 521, 539, 554, 576, 593, 597, 612, 617, 635, 637, 656, 669, 672, 692, 741, 750, 774, 775, 779, 786, 814, 822, 824, 829, 850, 864, 873, 891]Community9:
51           
[30, 71, 76, 97, 105, 110, 112, 126, 159, 167, 178, 185, 194, 196, 201, 223, 233, 260, 272, 288, 338, 359, 415, 470, 473, 478, 485, 486, 502, 512, 522, 530, 546, 547, 549, 551, 575, 586, 606, 673, 705, 706, 726, 773, 812, 816, 823, 825, 842, 844, 899]Community10:
43           
[25, 40, 50, 70, 85, 89, 117, 128, 136, 154, 156, 169, 180, 205, 210, 220, 251, 253, 283, 295, 317, 339, 357, 367, 381, 394, 444, 475, 477, 483, 496, 540, 548, 628, 633, 667, 723, 752, 840, 849, 877, 884, 888]Community11:
40           
[13, 35, 65, 80, 115, 135, 234, 249, 264, 265, 275, 280, 293, 325, 374, 380, 423, 425, 456, 464, 466, 479, 497, 506, 541, 572, 595, 618, 622, 629, 710, 719, 727, 745, 777, 789, 870, 878, 882, 883]Community12:
2           
[505, 584]Communities count: 13
Time1:Community0:
92           
[28, 30, 37, 39, 44, 48, 68, 77, 78, 88, 97, 105, 126, 133, 141, 148, 156, 176, 178, 179, 182, 185, 191, 230, 231, 234, 237, 239, 242, 248, 254, 258, 260, 308, 323, 324, 338, 356, 359, 369, 370, 373, 422, 423, 437, 447, 449, 452, 480, 517, 518, 522, 531, 540, 561, 566, 569, 575, 585, 589, 590, 592, 600, 602, 606, 611, 613, 632, 670, 687, 690, 711, 714, 723, 726, 731, 736, 747, 748, 749, 762, 789, 799, 802, 813, 823, 825, 859, 870, 872, 878, 880]Community1:
89           
[6, 7, 13, 17, 40, 46, 51, 80, 100, 131, 142, 147, 153, 168, 194, 196, 199, 204, 208, 219, 224, 255, 278, 285, 288, 299, 313, 322, 326, 337, 357, 363, 365, 367, 376, 387, 409, 421, 446, 451, 465, 478, 487, 496, 511, 512, 516, 546, 564, 578, 594, 595, 598, 605, 610, 621, 638, 673, 674, 681, 683, 692, 698, 702, 705, 715, 725, 730, 742, 744, 751, 764, 767, 784, 785, 807, 810, 815, 821, 830, 831, 836, 847, 855, 864, 867, 868, 876, 886]Community2:
79           
[2, 35, 36, 43, 56, 66, 81, 98, 99, 113, 124, 130, 134, 155, 164, 171, 198, 201, 213, 245, 249, 252, 253, 279, 297, 301, 316, 320, 325, 327, 339, 348, 349, 350, 351, 389, 428, 445, 457, 493, 503, 508, 510, 530, 536, 554, 560, 567, 574, 582, 619, 626, 631, 645, 677, 679, 680, 688, 699, 700, 704, 724, 743, 756, 779, 781, 804, 812, 834, 837, 853, 857, 861, 882, 883, 884, 892, 895, 896]Community3:
75           
[5, 16, 34, 52, 53, 60, 64, 103, 104, 109, 123, 139, 158, 190, 193, 228, 236, 262, 276, 281, 282, 284, 287, 328, 329, 332, 340, 352, 366, 379, 381, 391, 415, 419, 429, 436, 494, 497, 501, 502, 514, 559, 570, 580, 596, 597, 616, 624, 628, 634, 641, 643, 672, 691, 706, 716, 720, 727, 728, 735, 740, 752, 753, 771, 778, 788, 798, 805, 806, 808, 809, 833, 851, 879, 898]Community4:
69           
[9, 19, 38, 57, 62, 87, 89, 107, 108, 117, 125, 132, 160, 161, 163, 175, 181, 206, 216, 220, 223, 235, 263, 291, 292, 302, 304, 335, 372, 382, 385, 388, 394, 395, 416, 433, 442, 483, 498, 499, 532, 534, 535, 608, 617, 618, 625, 627, 635, 637, 639, 693, 696, 718, 721, 734, 760, 765, 766, 769, 787, 790, 796, 800, 829, 846, 856, 873, 875]Community5:
67           
[4, 22, 29, 54, 61, 65, 72, 73, 85, 101, 119, 136, 137, 144, 150, 166, 184, 221, 240, 241, 256, 257, 268, 269, 275, 294, 298, 315, 331, 341, 346, 375, 380, 386, 427, 432, 443, 453, 455, 479, 491, 492, 505, 513, 541, 544, 548, 555, 563, 576, 586, 593, 633, 644, 667, 694, 697, 719, 729, 754, 783, 801, 811, 826, 854, 865, 899]Community6:
59           
[26, 49, 58, 70, 93, 94, 106, 120, 129, 138, 140, 172, 173, 195, 205, 227, 229, 233, 243, 247, 271, 277, 280, 289, 290, 303, 305, 306, 307, 314, 318, 393, 403, 417, 454, 466, 477, 509, 515, 527, 549, 558, 562, 565, 601, 615, 630, 668, 695, 732, 750, 763, 822, 839, 862, 863, 885, 887, 891]Community7:
53           
[18, 21, 32, 41, 55, 86, 102, 157, 192, 209, 222, 286, 309, 353, 354, 383, 384, 392, 405, 411, 412, 424, 434, 438, 448, 450, 459, 472, 507, 523, 526, 528, 614, 623, 636, 675, 676, 703, 709, 738, 768, 773, 774, 780, 782, 786, 818, 832, 843, 869, 874, 890, 897]Community8:
43           
[14, 59, 63, 67, 75, 84, 96, 127, 159, 183, 187, 238, 250, 251, 274, 300, 330, 336, 361, 374, 418, 431, 484, 495, 524, 539, 557, 587, 588, 591, 620, 685, 701, 708, 710, 713, 737, 758, 770, 772, 803, 842, 888]Community9:
41           
[3, 8, 45, 71, 90, 122, 128, 149, 197, 200, 244, 264, 265, 267, 283, 296, 347, 362, 425, 426, 464, 486, 490, 504, 506, 519, 529, 538, 545, 551, 556, 640, 662, 678, 745, 755, 759, 775, 777, 797, 838]Community10:
34           
[1, 11, 15, 50, 91, 118, 152, 154, 162, 165, 207, 272, 295, 360, 371, 378, 439, 444, 460, 463, 521, 542, 604, 656, 669, 684, 686, 712, 741, 757, 824, 844, 850, 871]Community11:
33           
[10, 33, 47, 69, 83, 121, 180, 186, 226, 261, 270, 293, 355, 414, 420, 458, 543, 547, 568, 579, 629, 671, 682, 717, 739, 746, 776, 791, 795, 819, 835, 881, 889]Community12:
28           
[31, 92, 135, 202, 203, 214, 259, 266, 319, 333, 345, 390, 435, 473, 537, 552, 572, 581, 622, 689, 733, 827, 828, 848, 852, 858, 860, 894]Communities count: 13
Time2:Community0:
64           
[30, 39, 44, 46, 57, 58, 61, 77, 78, 101, 104, 126, 127, 129, 130, 179, 181, 206, 242, 248, 255, 258, 260, 292, 337, 356, 365, 369, 370, 371, 372, 379, 396, 422, 432, 457, 482, 494, 517, 533, 540, 560, 572, 589, 592, 594, 613, 632, 710, 728, 736, 791, 812, 813, 816, 821, 829, 842, 848, 852, 873, 876, 880, 896]Community1:
55           
[9, 40, 45, 62, 72, 93, 107, 120, 123, 133, 150, 156, 169, 173, 180, 183, 187, 197, 222, 243, 244, 247, 251, 290, 345, 349, 351, 375, 376, 398, 412, 418, 435, 437, 498, 512, 515, 518, 554, 597, 625, 637, 644, 671, 703, 759, 775, 782, 786, 802, 809, 838, 861, 863, 875]Community2:
52           
[43, 48, 50, 55, 60, 82, 91, 105, 106, 143, 152, 154, 193, 194, 234, 284, 326, 333, 350, 386, 388, 395, 423, 429, 433, 442, 444, 446, 463, 492, 526, 542, 559, 600, 609, 618, 627, 636, 706, 727, 734, 752, 763, 766, 789, 790, 843, 856, 862, 870, 878, 891]Community3:
45           
[18, 49, 56, 63, 75, 90, 94, 96, 124, 185, 190, 238, 240, 270, 274, 307, 318, 347, 378, 389, 400, 424, 428, 523, 529, 556, 557, 558, 595, 601, 602, 631, 686, 708, 726, 732, 737, 749, 762, 770, 803, 822, 839, 867, 897]Community4:
44           
[14, 51, 53, 68, 83, 85, 142, 146, 149, 186, 216, 224, 237, 252, 278, 281, 294, 298, 313, 355, 383, 420, 438, 472, 507, 516, 539, 564, 579, 596, 598, 676, 690, 701, 709, 725, 730, 738, 739, 784, 823, 830, 874, 890]Community5:
37           
[31, 73, 84, 92, 117, 209, 214, 220, 236, 241, 259, 276, 287, 297, 336, 357, 373, 394, 447, 480, 483, 495, 497, 525, 622, 623, 630, 633, 699, 724, 733, 747, 753, 778, 858, 868, 898]Community6:
32           
[12, 36, 54, 81, 99, 135, 164, 198, 200, 205, 219, 229, 320, 323, 362, 401, 415, 417, 460, 481, 484, 510, 531, 567, 615, 634, 673, 743, 787, 871, 872, 892]Community7:
31           
[1, 19, 38, 59, 65, 108, 132, 145, 184, 221, 227, 257, 280, 283, 329, 341, 382, 387, 390, 479, 496, 504, 548, 555, 741, 745, 748, 757, 794, 797, 827]Community8:
30           
[28, 52, 64, 66, 70, 100, 196, 202, 245, 288, 321, 324, 328, 348, 391, 399, 419, 434, 445, 448, 450, 493, 562, 603, 705, 751, 756, 760, 832, 887]Community9:
28           
[3, 4, 6, 8, 29, 119, 230, 261, 264, 285, 296, 346, 360, 367, 414, 443, 490, 522, 538, 543, 544, 546, 662, 677, 742, 788, 811, 854]Community10:
24           
[137, 182, 279, 282, 322, 363, 366, 489, 501, 574, 580, 582, 624, 635, 641, 643, 691, 713, 767, 805, 817, 833, 851, 883]Community11:
24           
[2, 47, 69, 71, 86, 102, 128, 157, 172, 268, 319, 384, 392, 405, 431, 530, 549, 590, 654, 695, 729, 776, 806, 869]Community12:
21           
[98, 134, 239, 250, 265, 293, 491, 521, 547, 593, 616, 619, 645, 655, 777, 780, 783, 853, 857, 865, 895]Community13:
19           
[33, 97, 141, 178, 192, 295, 359, 393, 476, 477, 485, 509, 545, 585, 617, 638, 825, 834, 846]Community14:
18           
[7, 121, 151, 188, 226, 231, 233, 308, 368, 421, 452, 578, 735, 831, 844, 855, 859, 881]Community15:
7           
[249, 397, 502, 541, 628, 672, 719]Community16:
4           
[153, 571, 698, 744]Communities count: 17
Time3:Community0:
60           
[19, 31, 36, 43, 59, 90, 135, 153, 157, 173, 179, 183, 184, 194, 221, 227, 235, 283, 322, 329, 333, 345, 346, 360, 363, 386, 388, 393, 395, 423, 434, 435, 442, 443, 471, 480, 492, 497, 498, 515, 516, 529, 619, 645, 698, 700, 734, 737, 740, 744, 748, 766, 797, 844, 854, 858, 860, 867, 870, 895]Community1:
58           
[42, 49, 54, 72, 106, 123, 142, 197, 201, 206, 243, 252, 282, 288, 319, 326, 371, 390, 431, 444, 446, 448, 450, 484, 489, 493, 494, 501, 518, 521, 523, 540, 549, 572, 573, 578, 580, 588, 589, 596, 618, 628, 643, 653, 672, 695, 735, 757, 760, 784, 805, 825, 830, 833, 855, 881, 887, 891]Community2:
55           
[4, 9, 40, 45, 52, 62, 93, 101, 107, 119, 133, 152, 187, 222, 249, 251, 270, 287, 290, 295, 315, 349, 376, 382, 422, 437, 451, 477, 488, 507, 512, 517, 539, 543, 594, 595, 597, 627, 644, 646, 650, 703, 706, 725, 726, 759, 782, 790, 800, 802, 811, 861, 863, 873, 875]Community3:
43           
[2, 6, 46, 47, 64, 84, 97, 126, 185, 196, 198, 216, 238, 255, 258, 268, 276, 292, 308, 387, 391, 405, 445, 478, 482, 496, 530, 592, 613, 647, 673, 676, 679, 690, 705, 709, 729, 739, 751, 776, 868, 874, 878]Community4:
40           
[12, 35, 39, 77, 78, 99, 134, 164, 188, 205, 229, 231, 239, 244, 248, 297, 320, 323, 362, 369, 370, 373, 375, 398, 417, 510, 531, 602, 632, 634, 637, 655, 767, 813, 853, 856, 857, 871, 872, 876]Community5:
38           
[33, 53, 68, 81, 83, 182, 228, 257, 261, 279, 285, 307, 355, 406, 415, 418, 420, 428, 479, 546, 548, 550, 555, 557, 579, 598, 624, 636, 641, 652, 671, 730, 738, 742, 787, 788, 829, 883]Community6:
26           
[48, 70, 86, 92, 94, 105, 131, 141, 178, 186, 192, 224, 230, 234, 259, 357, 367, 379, 424, 522, 545, 585, 630, 633, 762, 834]Community7:
19           
[3, 8, 264, 265, 293, 353, 491, 538, 541, 593, 616, 662, 743, 745, 775, 777, 783, 786, 865]Community8:
17           
[50, 91, 154, 220, 394, 421, 433, 476, 499, 525, 558, 617, 638, 696, 727, 733, 846]Community9:
12           
[18, 96, 240, 242, 274, 296, 336, 400, 686, 708, 778, 803]Community10:
12           
[236, 250, 447, 495, 502, 544, 600, 713, 720, 753, 897, 898]Community11:
12           
[1, 55, 56, 60, 193, 260, 284, 337, 559, 741, 752, 843]Community12:
10           
[102, 347, 383, 384, 392, 556, 701, 789, 806, 869]Community13:
7           
[124, 247, 389, 562, 721, 763, 822]Community14:
3           
[58, 100, 832]Community15:
2           
[117, 161]Community16:
2           
[241, 432]Community17:
2           
[129, 601]Communities count: 18
Time4:Community0:
61           
[9, 40, 45, 49, 92, 93, 94, 107, 119, 123, 131, 141, 173, 175, 177, 222, 226, 250, 251, 257, 260, 261, 262, 270, 286, 287, 290, 333, 349, 373, 376, 383, 390, 394, 418, 437, 479, 484, 507, 515, 530, 545, 548, 555, 557, 597, 609, 626, 636, 652, 660, 671, 695, 703, 707, 742, 759, 811, 813, 854, 863]Community1:
54           
[4, 6, 28, 33, 53, 83, 105, 106, 128, 153, 186, 216, 236, 245, 246, 255, 268, 281, 285, 294, 296, 313, 315, 324, 355, 421, 443, 454, 492, 517, 523, 585, 593, 596, 598, 624, 641, 645, 659, 690, 701, 709, 729, 732, 738, 739, 744, 753, 776, 805, 851, 876, 881, 883]Community2:
42           
[31, 43, 91, 188, 242, 256, 326, 350, 363, 371, 377, 386, 393, 395, 408, 424, 429, 433, 434, 435, 442, 446, 451, 477, 478, 485, 540, 622, 696, 727, 733, 734, 754, 766, 812, 834, 844, 856, 858, 867, 870, 878]Community3:
41           
[8, 36, 39, 55, 60, 62, 81, 90, 129, 134, 156, 164, 196, 197, 284, 295, 320, 323, 351, 356, 362, 406, 481, 488, 497, 501, 510, 544, 558, 582, 601, 634, 644, 749, 752, 788, 789, 853, 861, 895, 897]Community4:
36           
[3, 51, 65, 68, 150, 183, 184, 187, 221, 224, 244, 264, 283, 293, 346, 369, 387, 404, 490, 519, 538, 542, 546, 564, 573, 648, 662, 713, 725, 745, 748, 775, 785, 786, 804, 830]Community5:
32           
[5, 71, 86, 102, 241, 258, 292, 297, 298, 345, 347, 365, 388, 392, 403, 422, 432, 472, 480, 556, 589, 594, 637, 706, 755, 782, 829, 869, 873, 880, 892, 896]Community6:
32           
[12, 80, 99, 152, 179, 182, 205, 206, 229, 239, 247, 319, 398, 417, 486, 489, 496, 499, 521, 588, 615, 627, 630, 661, 736, 763, 780, 787, 802, 857, 871, 872]Community7:
30           
[52, 56, 64, 97, 104, 142, 190, 279, 282, 332, 372, 389, 407, 415, 420, 428, 431, 453, 482, 493, 552, 560, 572, 592, 631, 705, 751, 822, 825, 874]Community8:
23           
[1, 101, 126, 133, 237, 265, 276, 357, 413, 423, 447, 452, 495, 498, 531, 541, 595, 719, 741, 777, 778, 868, 891]Community9:
18           
[18, 84, 96, 240, 259, 274, 336, 400, 543, 559, 673, 676, 686, 708, 712, 730, 803, 843]Community10:
17           
[50, 70, 132, 154, 178, 249, 360, 367, 391, 444, 445, 463, 617, 747, 790, 833, 846]Community11:
16           
[2, 47, 69, 157, 238, 308, 337, 384, 410, 448, 450, 651, 674, 711, 737, 743]Community12:
5           
[59, 158, 227, 657, 757]Community13:
4           
[578, 590, 721, 831]Community14:
3           
[172, 549, 658]Community15:
3           
[359, 516, 740]Community16:
2           
[32, 46]Community17:
2           
[48, 522]Community18:
2           
[440, 476]Community19:
2           
[144, 618]Community20:
2           
[220, 625]Community21:
2           
[491, 783]Communities count: 22
Time5:Community0:
60           
[4, 40, 45, 49, 52, 55, 62, 93, 101, 107, 123, 127, 154, 173, 183, 187, 197, 234, 243, 245, 249, 251, 264, 270, 287, 290, 295, 376, 383, 388, 435, 445, 507, 512, 515, 538, 543, 545, 559, 594, 597, 598, 627, 636, 644, 662, 665, 671, 706, 745, 757, 759, 782, 785, 786, 839, 861, 863, 875, 897]Community1:
41           
[39, 51, 60, 77, 78, 133, 134, 152, 156, 184, 185, 226, 231, 242, 248, 283, 284, 329, 345, 370, 371, 373, 387, 481, 517, 541, 555, 572, 593, 613, 628, 632, 637, 655, 741, 752, 788, 789, 794, 853, 868]Community2:
31           
[90, 91, 194, 198, 247, 294, 312, 346, 395, 434, 451, 478, 501, 542, 588, 590, 641, 649, 663, 664, 727, 734, 766, 790, 844, 854, 867, 870, 873, 878, 893]Community3:
30           
[33, 53, 83, 97, 105, 106, 142, 150, 186, 260, 281, 313, 355, 420, 579, 595, 624, 625, 701, 730, 732, 738, 751, 776, 793, 803, 830, 831, 874, 881]Community4:
28           
[9, 36, 177, 220, 280, 296, 318, 390, 394, 415, 418, 422, 433, 437, 446, 488, 491, 498, 504, 558, 567, 573, 634, 650, 703, 725, 783, 851]Community5:
27           
[18, 84, 94, 96, 238, 240, 250, 257, 336, 349, 389, 391, 400, 442, 493, 502, 521, 523, 548, 673, 686, 708, 762, 778, 822, 843, 856]Community6:
24           
[68, 81, 85, 174, 178, 182, 222, 229, 239, 261, 319, 402, 419, 431, 443, 479, 518, 540, 546, 736, 742, 775, 857, 883]Community7:
21           
[6, 14, 216, 255, 258, 265, 292, 293, 324, 357, 484, 522, 585, 592, 652, 690, 709, 735, 739, 777, 890]Community8:
18           
[2, 19, 47, 69, 128, 179, 206, 268, 356, 384, 417, 448, 450, 480, 492, 661, 676, 729]Community9:
18           
[12, 75, 92, 99, 164, 188, 205, 320, 323, 362, 386, 486, 510, 531, 609, 615, 872, 895]Community10:
16           
[121, 153, 221, 236, 274, 363, 421, 424, 428, 544, 596, 713, 737, 744, 753, 780]Community11:
11           
[102, 204, 225, 308, 392, 557, 666, 711, 743, 869, 871]Community12:
5           
[141, 310, 476, 477, 617]Community13:
4           
[3, 8, 244, 490]Community14:
4           
[73, 241, 586, 726]Community15:
4           
[119, 181, 635, 672]Community16:
3           
[282, 423, 705]Community17:
3           
[495, 560, 891]Community18:
2           
[31, 733]Community19:
2           
[50, 444]Community20:
2           
[58, 832]Community21:
2           
[61, 494]Community22:
2           
[80, 360]Community23:
2           
[447, 600]Community24:
2           
[833, 858]Community25:
2           
[527, 876]Communities count: 26
