Time0:Community0:
3           
[1, 477, 526]Community1:
2           
[2, 5]Community2:
5           
[3, 4, 132, 308, 435]Community3:
10           
[6, 146, 252, 350, 378, 400, 404, 413, 436, 444]Community4:
50           
[7, 8, 18, 19, 20, 23, 29, 58, 71, 80, 82, 83, 87, 96, 99, 139, 142, 155, 163, 164, 176, 178, 192, 196, 197, 200, 203, 217, 218, 226, 231, 249, 269, 275, 276, 283, 317, 331, 395, 419, 420, 443, 445, 446, 451, 478, 479, 483, 512, 538]Community5:
39           
[9, 10, 11, 14, 15, 16, 17, 24, 40, 49, 52, 64, 95, 145, 148, 150, 151, 152, 153, 165, 216, 235, 241, 244, 251, 260, 262, 287, 299, 328, 330, 338, 351, 366, 399, 411, 542, 543, 548]Community6:
6           
[12, 102, 316, 332, 355, 390]Community7:
43           
[13, 39, 41, 42, 43, 63, 65, 74, 90, 105, 107, 114, 157, 167, 169, 173, 183, 184, 185, 250, 280, 301, 343, 375, 380, 381, 382, 383, 407, 408, 430, 459, 463, 469, 473, 474, 492, 519, 528, 529, 537, 541, 544]Community8:
2           
[21, 25]Community9:
3           
[22, 46, 47]Community10:
3           
[26, 122, 227]Community11:
4           
[27, 28, 406, 414]Community12:
45           
[30, 31, 61, 72, 85, 98, 103, 106, 117, 119, 144, 160, 188, 233, 238, 240, 265, 270, 277, 290, 294, 310, 322, 324, 327, 339, 353, 360, 362, 369, 370, 389, 417, 423, 424, 447, 452, 464, 467, 500, 503, 549, 553, 554, 556]Community13:
23           
[32, 33, 59, 77, 130, 161, 162, 179, 220, 221, 237, 239, 243, 291, 292, 431, 454, 485, 496, 505, 510, 516, 520]Community14:
5           
[34, 35, 109, 124, 318]Community15:
43           
[36, 37, 55, 62, 69, 73, 84, 89, 93, 94, 104, 110, 113, 127, 129, 131, 134, 147, 156, 257, 263, 285, 289, 293, 297, 307, 320, 347, 356, 365, 368, 393, 401, 403, 418, 428, 441, 442, 468, 471, 509, 534, 555]Community16:
13           
[38, 81, 86, 91, 92, 274, 372, 376, 461, 462, 475, 481, 484]Community17:
13           
[44, 45, 60, 75, 116, 141, 159, 213, 232, 246, 284, 373, 511]Community18:
3           
[48, 311, 547]Community19:
4           
[50, 228, 266, 386]Community20:
7           
[51, 215, 267, 288, 476, 489, 530]Community21:
10           
[53, 54, 253, 323, 340, 341, 346, 421, 455, 458]Community22:
7           
[56, 57, 170, 171, 175, 214, 525]Community23:
9           
[66, 209, 388, 394, 422, 449, 460, 472, 480]Community24:
14           
[67, 194, 195, 206, 207, 282, 312, 342, 456, 457, 499, 527, 533, 535]Community25:
10           
[68, 97, 100, 101, 115, 199, 208, 210, 279, 515]Community26:
4           
[70, 79, 385, 482]Community27:
2           
[76, 258]Community28:
2           
[78, 326]Community29:
3           
[88, 174, 335]Community30:
13           
[108, 121, 136, 149, 191, 236, 245, 268, 405, 409, 497, 508, 552]Community31:
2           
[111, 112]Community32:
3           
[118, 120, 222]Community33:
4           
[123, 204, 271, 540]Community34:
2           
[125, 126]Community35:
9           
[128, 329, 334, 344, 363, 364, 415, 437, 493]Community36:
3           
[133, 135, 219]Community37:
2           
[137, 138]Community38:
27           
[140, 154, 172, 242, 278, 313, 321, 348, 358, 359, 392, 412, 429, 470, 486, 487, 488, 490, 491, 494, 495, 498, 504, 506, 507, 531, 550]Community39:
3           
[143, 201, 410]Community40:
3           
[158, 264, 453]Community41:
2           
[166, 234]Community42:
6           
[168, 357, 466, 501, 502, 539]Community43:
4           
[177, 180, 181, 182]Community44:
2           
[186, 187]Community45:
8           
[189, 319, 325, 333, 336, 349, 391, 546]Community46:
4           
[190, 193, 302, 315]Community47:
4           
[198, 256, 259, 261]Community48:
7           
[202, 224, 286, 367, 371, 377, 551]Community49:
2           
[205, 304]Community50:
5           
[211, 212, 298, 303, 416]Community51:
2           
[223, 225]Community52:
2           
[229, 230]Community53:
3           
[247, 248, 374]Community54:
4           
[254, 314, 396, 425]Community55:
1           
[255]Community56:
3           
[272, 273, 522]Community57:
3           
[281, 337, 402]Community58:
2           
[295, 296]Community59:
2           
[300, 384]Community60:
4           
[305, 306, 438, 521]Community61:
3           
[309, 352, 448]Community62:
3           
[345, 361, 518]Community63:
3           
[354, 398, 465]Community64:
3           
[379, 432, 450]Community65:
1           
[387]Community66:
1           
[397]Community67:
2           
[426, 427]Community68:
2           
[433, 434]Community69:
5           
[439, 440, 513, 514, 545]Community70:
3           
[517, 532, 536]Community71:
2           
[523, 524]Communities count: 72
Time1:Community0:
6           
[1, 123, 146, 159, 323, 477]Community1:
28           
[2, 20, 70, 81, 108, 158, 251, 254, 257, 344, 360, 420, 436, 444, 466, 482, 499, 512, 541, 888, 891, 896, 901, 904, 905, 1039, 1211, 1294]Community2:
15           
[3, 84, 303, 314, 372, 568, 618, 696, 703, 932, 1054, 1192, 1218, 1249, 1412]Community3:
11           
[6, 122, 143, 201, 433, 578, 591, 597, 833, 935, 1410]Community4:
8           
[7, 30, 162, 856, 1014, 1020, 1046, 1176]Community5:
5           
[8, 79, 634, 657, 988]Community6:
22           
[9, 87, 142, 174, 214, 325, 500, 566, 610, 862, 941, 1169, 1188, 1197, 1260, 1265, 1277, 1445, 1450, 1451, 1452, 1453]Community7:
2           
[10, 1258]Community8:
28           
[11, 13, 15, 64, 100, 101, 166, 220, 243, 382, 411, 428, 464, 476, 519, 572, 678, 887, 889, 892, 894, 895, 897, 902, 907, 909, 910, 911]Community9:
11           
[12, 148, 313, 492, 598, 784, 834, 1070, 1106, 1387, 1420]Community10:
12           
[17, 156, 271, 297, 327, 535, 629, 713, 750, 899, 1028, 1311]Community11:
17           
[19, 233, 331, 434, 682, 732, 764, 900, 958, 1015, 1078, 1079, 1098, 1133, 1221, 1390, 1483]Community12:
16           
[25, 63, 304, 556, 797, 996, 1121, 1174, 1271, 1343, 1392, 1464, 1465, 1466, 1471, 1473]Community13:
14           
[26, 145, 225, 462, 683, 742, 1033, 1345, 1377, 1414, 1429, 1435, 1443, 1499]Community14:
10           
[27, 1162, 1193, 1225, 1354, 1355, 1360, 1361, 1439, 1482]Community15:
7           
[29, 198, 443, 850, 1302, 1321, 1394]Community16:
8           
[32, 354, 609, 957, 1099, 1373, 1385, 1519]Community17:
3           
[34, 282, 1327]Community18:
28           
[35, 103, 115, 132, 215, 265, 333, 489, 577, 605, 652, 673, 702, 756, 769, 822, 920, 948, 954, 1016, 1023, 1026, 1119, 1214, 1246, 1290, 1342, 1386]Community19:
9           
[36, 110, 129, 259, 547, 601, 614, 851, 879]Community20:
6           
[38, 168, 378, 396, 407, 461]Community21:
8           
[39, 102, 518, 644, 712, 1251, 1279, 1398]Community22:
6           
[41, 746, 754, 780, 978, 979]Community23:
11           
[42, 50, 289, 469, 585, 697, 755, 1284, 1326, 1334, 1496]Community24:
3           
[43, 1440, 1495]Community25:
2           
[44, 232]Community26:
11           
[47, 312, 419, 624, 658, 990, 1058, 1110, 1142, 1299, 1306]Community27:
14           
[48, 175, 239, 342, 364, 398, 465, 1013, 1136, 1268, 1328, 1431, 1462, 1497]Community28:
3           
[51, 93, 525]Community29:
14           
[52, 86, 211, 228, 530, 593, 1232, 1269, 1456, 1457, 1458, 1459, 1460, 1502]Community30:
10           
[53, 416, 646, 855, 1101, 1314, 1349, 1388, 1432, 1438]Community31:
11           
[54, 393, 622, 623, 733, 903, 1338, 1376, 1426, 1447, 1516]Community32:
6           
[55, 621, 772, 1024, 1074, 1130]Community33:
9           
[56, 328, 381, 582, 779, 1181, 1194, 1210, 1212]Community34:
4           
[57, 513, 627, 798]Community35:
2           
[58, 811]Community36:
8           
[59, 380, 457, 537, 813, 939, 977, 1092]Community37:
3           
[60, 1463, 1469]Community38:
3           
[61, 827, 940]Community39:
7           
[62, 293, 463, 555, 1009, 1010, 1224]Community40:
13           
[65, 362, 366, 410, 480, 794, 1000, 1034, 1035, 1040, 1128, 1166, 1213]Community41:
5           
[67, 340, 809, 1184, 1494]Community42:
4           
[68, 783, 924, 1064]Community43:
6           
[69, 119, 649, 723, 727, 1472]Community44:
22           
[72, 163, 206, 277, 279, 295, 456, 544, 567, 602, 677, 763, 883, 967, 1068, 1085, 1086, 1139, 1226, 1229, 1362, 1428]Community45:
3           
[73, 926, 1077]Community46:
6           
[74, 449, 509, 592, 680, 893]Community47:
5           
[75, 118, 120, 222, 488]Community48:
3           
[76, 258, 399]Community49:
2           
[78, 968]Community50:
2           
[80, 1041]Community51:
4           
[83, 147, 497, 551]Community52:
4           
[85, 322, 953, 1217]Community53:
10           
[88, 310, 483, 553, 679, 743, 768, 1095, 1243, 1292]Community54:
7           
[90, 1227, 1270, 1283, 1295, 1315, 1341]Community55:
17           
[91, 116, 260, 267, 439, 734, 871, 952, 1029, 1223, 1237, 1320, 1351, 1358, 1365, 1366, 1491]Community56:
6           
[94, 320, 516, 564, 965, 1405]Community57:
3           
[95, 654, 782]Community58:
2           
[96, 828]Community59:
7           
[97, 559, 651, 934, 1043, 1096, 1480]Community60:
29           
[98, 112, 141, 172, 269, 278, 385, 403, 414, 468, 475, 487, 505, 571, 617, 637, 638, 684, 736, 744, 820, 854, 877, 880, 984, 1045, 1071, 1300, 1340]Community61:
6           
[99, 548, 810, 826, 913, 949]Community62:
9           
[104, 138, 302, 558, 674, 817, 1100, 1185, 1220]Community63:
29           
[105, 252, 404, 472, 569, 944, 995, 1027, 1055, 1116, 1122, 1124, 1132, 1134, 1141, 1143, 1144, 1147, 1148, 1149, 1150, 1151, 1152, 1156, 1157, 1313, 1337, 1353, 1372]Community64:
4           
[106, 720, 787, 1490]Community65:
4           
[109, 286, 991, 1094]Community66:
3           
[114, 124, 583]Community67:
7           
[121, 181, 284, 495, 517, 714, 1048]Community68:
12           
[125, 131, 527, 554, 1244, 1275, 1312, 1317, 1318, 1344, 1379, 1434]Community69:
10           
[126, 315, 425, 536, 615, 765, 993, 1108, 1117, 1331]Community70:
3           
[127, 392, 767]Community71:
17           
[128, 236, 338, 422, 612, 613, 685, 706, 715, 740, 800, 1155, 1219, 1241, 1256, 1404, 1413]Community72:
5           
[133, 437, 625, 631, 775]Community73:
8           
[134, 357, 619, 661, 986, 1310, 1415, 1425]Community74:
2           
[135, 1486]Community75:
2           
[140, 574]Community76:
8           
[144, 290, 873, 975, 1017, 1200, 1278, 1408]Community77:
10           
[149, 296, 550, 600, 823, 925, 927, 959, 1163, 1222]Community78:
5           
[151, 971, 972, 974, 982]Community79:
8           
[152, 219, 318, 405, 1042, 1127, 1203, 1330]Community80:
4           
[154, 667, 686, 719]Community81:
6           
[155, 335, 502, 998, 1049, 1233]Community82:
4           
[157, 341, 628, 722]Community83:
5           
[160, 274, 639, 936, 1433]Community84:
13           
[161, 865, 1007, 1044, 1047, 1073, 1083, 1164, 1267, 1297, 1301, 1347, 1449]Community85:
8           
[165, 311, 386, 400, 429, 484, 584, 774]Community86:
2           
[173, 749]Community87:
3           
[176, 864, 1001]Community88:
7           
[177, 388, 514, 737, 832, 1102, 1350]Community89:
4           
[180, 242, 451, 1178]Community90:
3           
[183, 916, 956]Community91:
2           
[184, 698]Community92:
13           
[185, 281, 336, 759, 793, 849, 863, 929, 930, 931, 1006, 1140, 1448]Community93:
5           
[189, 307, 579, 1183, 1261]Community94:
17           
[190, 276, 350, 359, 432, 479, 481, 545, 632, 717, 718, 751, 842, 860, 872, 1120, 1263]Community95:
9           
[191, 409, 542, 607, 728, 729, 730, 1158, 1498]Community96:
3           
[193, 440, 1215]Community97:
7           
[194, 445, 560, 596, 599, 884, 989]Community98:
11           
[195, 415, 528, 741, 818, 1061, 1062, 1161, 1182, 1208, 1455]Community99:
4           
[199, 858, 1050, 1363]Community100:
2           
[203, 866]Community101:
9           
[204, 346, 611, 725, 837, 838, 1336, 1419, 1500]Community102:
4           
[209, 594, 1038, 1171]Community103:
7           
[212, 368, 532, 604, 760, 943, 1289]Community104:
5           
[221, 747, 761, 796, 1282]Community105:
4           
[224, 447, 626, 771]Community106:
6           
[226, 882, 921, 922, 1089, 1367]Community107:
2           
[227, 1234]Community108:
6           
[234, 337, 852, 966, 1180, 1248]Community109:
5           
[235, 792, 824, 846, 912]Community110:
8           
[237, 308, 352, 595, 711, 1012, 1069, 1476]Community111:
19           
[238, 305, 348, 387, 452, 507, 521, 681, 689, 1018, 1123, 1189, 1319, 1325, 1359, 1402, 1407, 1481, 1508]Community112:
7           
[241, 250, 805, 807, 821, 1053, 1112]Community113:
7           
[244, 448, 467, 494, 808, 845, 973]Community114:
11           
[245, 256, 498, 501, 815, 999, 1066, 1090, 1135, 1293, 1470]Community115:
2           
[248, 374]Community116:
20           
[249, 402, 471, 581, 847, 868, 886, 964, 1201, 1202, 1209, 1239, 1250, 1304, 1324, 1332, 1406, 1485, 1487, 1504]Community117:
4           
[261, 353, 504, 665]Community118:
8           
[263, 326, 351, 453, 647, 688, 701, 997]Community119:
14           
[266, 367, 394, 395, 522, 645, 653, 676, 692, 693, 694, 695, 1019, 1521]Community120:
9           
[270, 280, 299, 321, 460, 608, 663, 675, 801]Community121:
13           
[272, 306, 570, 731, 738, 987, 1063, 1115, 1228, 1264, 1291, 1378, 1416]Community122:
2           
[273, 1002]Community123:
7           
[283, 376, 515, 687, 836, 1084, 1240]Community124:
2           
[285, 1255]Community125:
2           
[288, 470]Community126:
7           
[291, 317, 319, 520, 1011, 1168, 1298]Community127:
17           
[294, 831, 955, 980, 1057, 1191, 1266, 1288, 1307, 1308, 1309, 1357, 1418, 1477, 1505, 1506, 1512]Community128:
2           
[298, 758]Community129:
8           
[300, 503, 586, 804, 816, 1097, 1170, 1316]Community130:
8           
[309, 391, 709, 937, 1125, 1131, 1154, 1391]Community131:
2           
[316, 355]Community132:
2           
[324, 329]Community133:
2           
[332, 908]Community134:
2           
[334, 1442]Community135:
3           
[339, 441, 493]Community136:
5           
[343, 424, 735, 790, 1242]Community137:
4           
[345, 691, 946, 947]Community138:
4           
[347, 1022, 1060, 1305]Community139:
4           
[349, 511, 552, 648]Community140:
5           
[356, 474, 543, 640, 951]Community141:
2           
[358, 1484]Community142:
2           
[361, 1436]Community143:
3           
[363, 454, 1369]Community144:
4           
[365, 770, 802, 844]Community145:
4           
[370, 539, 985, 1103]Community146:
2           
[371, 789]Community147:
2           
[373, 992]Community148:
2           
[375, 496]Community149:
23           
[377, 700, 704, 788, 835, 839, 1051, 1067, 1167, 1195, 1245, 1257, 1296, 1322, 1329, 1346, 1400, 1411, 1423, 1467, 1478, 1489, 1507]Community150:
7           
[379, 960, 970, 981, 1021, 1104, 1285]Community151:
2           
[389, 1059]Community152:
3           
[401, 773, 776]Community153:
6           
[408, 699, 781, 1065, 1281, 1374]Community154:
11           
[413, 590, 636, 641, 690, 859, 1335, 1399, 1403, 1522, 1524]Community155:
2           
[418, 580]Community156:
2           
[421, 1395]Community157:
3           
[423, 938, 1396]Community158:
2           
[426, 427]Community159:
2           
[430, 857]Community160:
5           
[431, 853, 881, 906, 976]Community161:
3           
[438, 848, 878]Community162:
3           
[442, 635, 1247]Community163:
4           
[459, 708, 918, 1075]Community164:
4           
[473, 620, 1030, 1397]Community165:
7           
[490, 523, 565, 724, 791, 870, 1479]Community166:
18           
[508, 576, 890, 1113, 1160, 1179, 1216, 1286, 1339, 1348, 1356, 1401, 1421, 1488, 1509, 1511, 1515, 1517]Community167:
2           
[526, 766]Community168:
4           
[534, 630, 662, 945]Community169:
4           
[538, 546, 1005, 1137]Community170:
8           
[540, 587, 588, 616, 739, 745, 962, 1204]Community171:
4           
[549, 830, 961, 969]Community172:
2           
[557, 1036]Community173:
3           
[561, 1175, 1177]Community174:
2           
[562, 762]Community175:
2           
[563, 1159]Community176:
2           
[573, 928]Community177:
6           
[575, 1031, 1114, 1424, 1427, 1468]Community178:
3           
[589, 666, 1276]Community179:
2           
[603, 814]Community180:
3           
[606, 1503, 1510]Community181:
8           
[633, 655, 656, 664, 668, 670, 671, 672]Community182:
3           
[642, 753, 1444]Community183:
2           
[643, 1371]Community184:
3           
[650, 942, 1422]Community185:
2           
[659, 660]Community186:
2           
[669, 1196]Community187:
6           
[705, 707, 803, 825, 1037, 1280]Community188:
2           
[710, 1382]Community189:
3           
[716, 1513, 1520]Community190:
3           
[721, 867, 923]Community191:
7           
[726, 914, 1081, 1153, 1236, 1259, 1370]Community192:
2           
[748, 1380]Community193:
4           
[752, 861, 1146, 1368]Community194:
3           
[757, 876, 1091]Community195:
3           
[777, 1072, 1111]Community196:
4           
[778, 795, 1025, 1384]Community197:
2           
[785, 786]Community198:
4           
[799, 994, 1126, 1475]Community199:
4           
[806, 917, 1430, 1501]Community200:
1           
[812]Community201:
2           
[819, 829]Community202:
4           
[840, 933, 950, 1107]Community203:
4           
[841, 915, 1165, 1446]Community204:
6           
[843, 885, 1138, 1381, 1383, 1389]Community205:
2           
[869, 1205]Community206:
3           
[874, 875, 919]Community207:
3           
[898, 1198, 1230]Community208:
3           
[963, 1105, 1409]Community209:
4           
[983, 1238, 1272, 1441]Community210:
2           
[1003, 1199]Community211:
3           
[1004, 1008, 1056]Community212:
2           
[1032, 1186]Community213:
2           
[1052, 1118]Community214:
2           
[1076, 1082]Community215:
2           
[1080, 1207]Community216:
3           
[1087, 1088, 1187]Community217:
2           
[1093, 1206]Community218:
1           
[1109]Community219:
4           
[1129, 1172, 1173, 1323]Community220:
2           
[1145, 1333]Community221:
2           
[1190, 1352]Community222:
2           
[1231, 1252]Community223:
4           
[1235, 1364, 1393, 1492]Community224:
3           
[1253, 1287, 1461]Community225:
1           
[1254]Community226:
2           
[1262, 1417]Community227:
2           
[1273, 1274]Community228:
4           
[1303, 1375, 1474, 1493]Community229:
2           
[1437, 1454]Community230:
3           
[1514, 1518, 1523]Communities count: 231
Time2:Community0:
19           
[1, 42, 43, 309, 374, 754, 964, 995, 1031, 1109, 1161, 1354, 1415, 1559, 1597, 1621, 1663, 1689, 1691]Community1:
5           
[2, 36, 211, 611, 1288]Community2:
15           
[3, 99, 297, 502, 503, 605, 641, 704, 734, 778, 790, 974, 1583, 1609, 1711]Community3:
26           
[6, 69, 154, 576, 599, 659, 669, 753, 818, 932, 958, 959, 1024, 1131, 1188, 1342, 1396, 1452, 1539, 1562, 1563, 1618, 1620, 1628, 1637, 1649]Community4:
2           
[8, 346]Community5:
33           
[9, 32, 189, 307, 317, 342, 378, 430, 740, 751, 815, 901, 1015, 1050, 1053, 1081, 1534, 1558, 1577, 1578, 1622, 1640, 1641, 1643, 1645, 1650, 1651, 1657, 1682, 1692, 1706, 1710, 1730]Community6:
8           
[12, 527, 777, 1014, 1194, 1286, 1313, 1639]Community7:
12           
[19, 285, 539, 843, 885, 1224, 1362, 1406, 1430, 1606, 1664, 1715]Community8:
3           
[27, 1078, 1079]Community9:
16           
[29, 432, 487, 555, 598, 878, 1037, 1070, 1072, 1080, 1292, 1474, 1517, 1538, 1587, 1634]Community10:
12           
[30, 103, 114, 294, 639, 758, 770, 874, 993, 1395, 1438, 1549]Community11:
8           
[34, 193, 640, 667, 1071, 1130, 1546, 1592]Community12:
2           
[38, 561]Community13:
9           
[41, 762, 992, 1066, 1352, 1497, 1580, 1589, 1593]Community14:
3           
[44, 161, 1673]Community15:
12           
[47, 214, 512, 526, 714, 1063, 1136, 1329, 1400, 1548, 1598, 1695]Community16:
7           
[48, 296, 393, 1111, 1295, 1346, 1516]Community17:
10           
[50, 57, 498, 708, 812, 940, 1173, 1252, 1317, 1616]Community18:
4           
[52, 209, 966, 1701]Community19:
4           
[53, 87, 413, 1615]Community20:
18           
[58, 104, 386, 509, 713, 716, 781, 842, 884, 988, 1165, 1326, 1358, 1416, 1441, 1515, 1528, 1661]Community21:
5           
[59, 328, 581, 1602, 1678]Community22:
5           
[60, 263, 308, 422, 739]Community23:
2           
[61, 1721]Community24:
8           
[62, 281, 975, 1190, 1285, 1413, 1600, 1723]Community25:
7           
[63, 375, 460, 912, 923, 1513, 1604]Community26:
6           
[66, 173, 282, 1364, 1543, 1719]Community27:
8           
[67, 423, 573, 798, 866, 950, 1049, 1665]Community28:
2           
[68, 893]Community29:
12           
[70, 145, 525, 757, 1018, 1493, 1567, 1584, 1585, 1713, 1714, 1724]Community30:
3           
[72, 303, 1316]Community31:
3           
[73, 1299, 1646]Community32:
8           
[83, 234, 644, 1042, 1244, 1255, 1275, 1728]Community33:
4           
[84, 451, 1211, 1377]Community34:
2           
[85, 1083]Community35:
42           
[88, 124, 228, 322, 325, 327, 341, 357, 443, 549, 560, 568, 625, 645, 726, 733, 783, 799, 823, 841, 881, 938, 967, 1006, 1032, 1107, 1168, 1174, 1187, 1195, 1262, 1265, 1282, 1363, 1423, 1564, 1565, 1599, 1644, 1679, 1704, 1705]Community36:
8           
[90, 174, 350, 481, 802, 865, 1551, 1627]Community37:
13           
[95, 311, 395, 447, 545, 592, 626, 707, 712, 862, 1251, 1385, 1386]Community38:
14           
[96, 927, 1038, 1272, 1280, 1287, 1304, 1402, 1489, 1533, 1541, 1590, 1681, 1731]Community39:
6           
[97, 250, 403, 431, 569, 617]Community40:
2           
[101, 198]Community41:
6           
[105, 585, 1281, 1444, 1453, 1727]Community42:
3           
[109, 402, 681]Community43:
14           
[118, 192, 194, 239, 353, 784, 998, 1004, 1051, 1178, 1328, 1397, 1717, 1722]Community44:
4           
[128, 612, 677, 970]Community45:
12           
[131, 160, 249, 302, 318, 1181, 1312, 1525, 1698, 1708, 1718, 1729]Community46:
6           
[132, 146, 162, 312, 846, 1491]Community47:
6           
[135, 596, 1179, 1356, 1486, 1509]Community48:
7           
[141, 719, 725, 1093, 1260, 1447, 1500]Community49:
4           
[142, 144, 1121, 1556]Community50:
5           
[143, 201, 582, 1261, 1675]Community51:
2           
[147, 1505]Community52:
3           
[152, 557, 792]Community53:
2           
[155, 1196]Community54:
3           
[163, 986, 1658]Community55:
7           
[172, 334, 548, 1059, 1603, 1614, 1653]Community56:
2           
[175, 224]Community57:
5           
[176, 523, 870, 1269, 1662]Community58:
2           
[177, 1009]Community59:
2           
[180, 182]Community60:
10           
[183, 260, 373, 871, 1448, 1463, 1475, 1568, 1569, 1608]Community61:
5           
[191, 738, 1060, 1097, 1504]Community62:
16           
[199, 316, 323, 474, 514, 543, 544, 615, 787, 1208, 1296, 1339, 1490, 1526, 1667, 1684]Community63:
2           
[202, 286]Community64:
3           
[203, 400, 475]Community65:
6           
[204, 463, 482, 1248, 1576, 1674]Community66:
7           
[212, 700, 1019, 1056, 1117, 1289, 1507]Community67:
3           
[219, 379, 1594]Community68:
5           
[220, 1601, 1666, 1686, 1690]Community69:
3           
[221, 1323, 1561]Community70:
5           
[225, 339, 830, 1426, 1699]Community71:
9           
[233, 405, 468, 540, 706, 1127, 1383, 1531, 1542]Community72:
5           
[238, 606, 1502, 1503, 1693]Community73:
7           
[242, 429, 595, 1101, 1189, 1407, 1560]Community74:
9           
[245, 326, 552, 688, 701, 858, 883, 1442, 1579]Community75:
3           
[252, 766, 1314]Community76:
6           
[254, 358, 828, 1118, 1467, 1521]Community77:
5           
[257, 541, 601, 1555, 1610]Community78:
2           
[259, 345]Community79:
2           
[261, 835]Community80:
2           
[271, 899]Community81:
2           
[272, 632]Community82:
7           
[276, 283, 372, 1343, 1412, 1683, 1707]Community83:
5           
[277, 687, 797, 1381, 1688]Community84:
3           
[278, 1039, 1632]Community85:
10           
[291, 390, 520, 806, 1332, 1545, 1557, 1586, 1591, 1595]Community86:
6           
[298, 518, 735, 1353, 1488, 1536]Community87:
2           
[299, 1175]Community88:
4           
[300, 421, 1069, 1702]Community89:
2           
[313, 801]Community90:
2           
[314, 333]Community91:
2           
[319, 1075]Community92:
4           
[321, 392, 1315, 1660]Community93:
2           
[324, 1537]Community94:
5           
[329, 1153, 1378, 1510, 1635]Community95:
7           
[332, 352, 840, 908, 1077, 1105, 1154]Community96:
4           
[337, 367, 440, 1384]Community97:
2           
[338, 1302]Community98:
3           
[354, 1373, 1405]Community99:
2           
[356, 1501]Community100:
7           
[361, 638, 697, 1026, 1236, 1436, 1631]Community101:
2           
[366, 1349]Community102:
4           
[370, 593, 1283, 1617]Community103:
7           
[376, 800, 1183, 1256, 1361, 1680, 1703]Community104:
2           
[377, 942]Community105:
3           
[389, 494, 1630]Community106:
11           
[394, 642, 676, 711, 1206, 1246, 1327, 1527, 1571, 1582, 1623]Community107:
6           
[398, 465, 643, 1013, 1365, 1696]Community108:
9           
[408, 528, 607, 743, 1142, 1185, 1368, 1372, 1709]Community109:
2           
[409, 563]Community110:
2           
[415, 997]Community111:
2           
[425, 765]Community112:
2           
[437, 1672]Community113:
3           
[438, 616, 1319]Community114:
3           
[439, 1021, 1449]Community115:
3           
[442, 654, 1184]Community116:
7           
[449, 504, 513, 919, 928, 1520, 1659]Community117:
3           
[453, 516, 1074]Community118:
5           
[454, 795, 809, 1379, 1668]Community119:
4           
[456, 1434, 1656, 1669]Community120:
4           
[462, 1410, 1633, 1638]Community121:
1           
[469]Community122:
5           
[470, 621, 731, 824, 1544]Community123:
2           
[473, 1217]Community124:
4           
[483, 821, 1167, 1424]Community125:
3           
[484, 913, 1162]Community126:
2           
[485, 1421]Community127:
3           
[495, 1043, 1213]Community128:
6           
[507, 838, 1036, 1123, 1338, 1508]Community129:
4           
[517, 578, 1284, 1588]Community130:
3           
[536, 933, 1687]Community131:
2           
[537, 1228]Community132:
4           
[538, 1065, 1581, 1671]Community133:
11           
[542, 673, 768, 886, 924, 1034, 1158, 1253, 1431, 1685, 1700]Community134:
4           
[546, 774, 1005, 1348]Community135:
3           
[547, 1443, 1566]Community136:
1           
[586]Community137:
3           
[594, 752, 1417]Community138:
5           
[600, 847, 1344, 1387, 1535]Community139:
8           
[609, 652, 773, 839, 1100, 1511, 1619, 1629]Community140:
6           
[610, 646, 710, 727, 980, 1382]Community141:
5           
[620, 679, 856, 1176, 1574]Community142:
9           
[634, 852, 1419, 1440, 1532, 1611, 1612, 1647, 1654]Community143:
5           
[635, 810, 1433, 1624, 1626]Community144:
2           
[658, 1479]Community145:
2           
[674, 1068]Community146:
5           
[686, 832, 1270, 1625, 1676]Community147:
6           
[728, 729, 788, 1169, 1420, 1573]Community148:
2           
[741, 1655]Community149:
5           
[744, 779, 1308, 1605, 1716]Community150:
3           
[749, 1226, 1487]Community151:
3           
[793, 863, 1215]Community152:
3           
[794, 969, 1401]Community153:
3           
[808, 1596, 1607]Community154:
3           
[814, 1552, 1553]Community155:
2           
[817, 981]Community156:
5           
[819, 822, 1171, 1297, 1642]Community157:
2           
[831, 1199]Community158:
2           
[859, 1522]Community159:
7           
[864, 990, 1113, 1235, 1427, 1468, 1554]Community160:
2           
[898, 1725]Community161:
3           
[944, 1518, 1523]Community162:
6           
[949, 963, 1052, 1177, 1231, 1648]Community163:
4           
[962, 1029, 1237, 1340]Community164:
2           
[973, 1697]Community165:
2           
[983, 985]Community166:
2           
[984, 1636]Community167:
2           
[994, 1540]Community168:
3           
[1033, 1355, 1496]Community169:
2           
[1103, 1305]Community170:
2           
[1132, 1425]Community171:
2           
[1180, 1393]Community172:
2           
[1192, 1530]Community173:
1           
[1225]Community174:
2           
[1227, 1238]Community175:
2           
[1234, 1254]Community176:
2           
[1290, 1677]Community177:
4           
[1291, 1335, 1359, 1694]Community178:
2           
[1310, 1575]Community179:
3           
[1367, 1403, 1485]Community180:
3           
[1375, 1472, 1529]Community181:
2           
[1408, 1720]Community182:
2           
[1429, 1572]Community183:
2           
[1437, 1454]Community184:
3           
[1466, 1712, 1726]Community185:
2           
[1514, 1652]Community186:
2           
[1547, 1550]Community187:
1           
[1570]Community188:
1           
[1613]Community189:
1           
[1670]Communities count: 190
Time3:Community0:
5           
[1, 255, 312, 851, 1779]Community1:
54           
[2, 3, 26, 62, 173, 175, 224, 243, 254, 302, 308, 374, 377, 408, 477, 482, 498, 545, 569, 640, 645, 681, 687, 700, 731, 740, 752, 782, 790, 800, 810, 840, 846, 881, 933, 1103, 1110, 1154, 1167, 1185, 1189, 1270, 1315, 1335, 1340, 1349, 1352, 1371, 1412, 1620, 1662, 1728, 1751, 1762]Community2:
7           
[8, 30, 654, 942, 983, 1181, 1667]Community3:
11           
[9, 144, 194, 295, 724, 1118, 1719, 1758, 1759, 1760, 1761]Community4:
15           
[12, 67, 109, 318, 1063, 1239, 1736, 1749, 1763, 1767, 1768, 1769, 1770, 1776, 1777]Community5:
3           
[19, 211, 1742]Community6:
9           
[27, 163, 256, 509, 986, 1026, 1079, 1686, 1716]Community7:
7           
[32, 518, 1072, 1158, 1190, 1488, 1675]Community8:
2           
[36, 93]Community9:
9           
[41, 176, 898, 1568, 1582, 1585, 1652, 1745, 1747]Community10:
11           
[42, 44, 105, 257, 344, 1027, 1271, 1329, 1518, 1624, 1626]Community11:
12           
[47, 454, 460, 974, 979, 1056, 1379, 1423, 1509, 1521, 1669, 1744]Community12:
4           
[48, 719, 1397, 1655]Community13:
3           
[52, 1644, 1698]Community14:
2           
[54, 1128]Community15:
25           
[61, 152, 234, 389, 393, 394, 437, 494, 502, 598, 678, 725, 739, 819, 865, 868, 969, 1244, 1302, 1353, 1485, 1542, 1665, 1725, 1778]Community16:
4           
[63, 118, 193, 1362]Community17:
3           
[68, 298, 323]Community18:
2           
[69, 283]Community19:
6           
[72, 220, 430, 532, 536, 1765]Community20:
5           
[81, 85, 488, 1434, 1679]Community21:
8           
[95, 317, 319, 626, 644, 960, 1161, 1452]Community22:
2           
[97, 726]Community23:
3           
[124, 161, 1673]Community24:
4           
[127, 495, 741, 1050]Community25:
4           
[132, 1339, 1491, 1546]Community26:
22           
[135, 143, 201, 378, 409, 507, 538, 605, 788, 812, 817, 893, 938, 975, 1130, 1195, 1234, 1299, 1313, 1563, 1713, 1743]Community27:
3           
[142, 1121, 1575]Community28:
8           
[155, 525, 557, 995, 1018, 1285, 1387, 1754]Community29:
5           
[160, 191, 429, 952, 1680]Community30:
5           
[167, 303, 375, 443, 1409]Community31:
5           
[168, 549, 673, 674, 1253]Community32:
8           
[172, 384, 639, 799, 1075, 1406, 1475, 1748]Community33:
3           
[189, 358, 483]Community34:
4           
[199, 908, 1717, 1739]Community35:
2           
[204, 456]Community36:
2           
[209, 1699]Community37:
8           
[212, 592, 852, 871, 1111, 1415, 1731, 1775]Community38:
3           
[214, 697, 1774]Community39:
8           
[219, 543, 1157, 1408, 1494, 1513, 1639, 1737]Community40:
5           
[233, 781, 1136, 1676, 1738]Community41:
4           
[242, 787, 823, 1178]Community42:
4           
[245, 615, 1283, 1764]Community43:
10           
[249, 462, 561, 713, 727, 847, 884, 1059, 1310, 1565]Community44:
5           
[252, 271, 277, 794, 1688]Community45:
3           
[259, 1556, 1732]Community46:
1           
[260]Community47:
3           
[281, 708, 1500]Community48:
10           
[282, 547, 599, 1280, 1287, 1468, 1530, 1554, 1616, 1733]Community49:
4           
[286, 1375, 1403, 1756]Community50:
2           
[288, 1440]Community51:
14           
[297, 362, 391, 475, 588, 773, 783, 798, 815, 899, 1049, 1380, 1391, 1741]Community52:
2           
[309, 1467]Community53:
2           
[324, 329]Community54:
1           
[328]Community55:
5           
[341, 990, 1113, 1395, 1772]Community56:
3           
[342, 523, 971]Community57:
6           
[346, 361, 1436, 1734, 1735, 1757]Community58:
2           
[353, 372]Community59:
6           
[367, 1009, 1314, 1346, 1433, 1472]Community60:
4           
[395, 398, 447, 1013]Community61:
5           
[396, 617, 1132, 1431, 1497]Community62:
4           
[400, 601, 1169, 1681]Community63:
2           
[415, 997]Community64:
4           
[431, 1295, 1316, 1579]Community65:
2           
[438, 1671]Community66:
2           
[440, 1384]Community67:
4           
[468, 537, 878, 1548]Community68:
1           
[471]Community69:
2           
[474, 749]Community70:
2           
[504, 1740]Community71:
2           
[540, 1142]Community72:
4           
[582, 861, 1343, 1359]Community73:
5           
[593, 621, 768, 774, 924]Community74:
3           
[595, 624, 1526]Community75:
2           
[620, 874]Community76:
1           
[638]Community77:
4           
[642, 711, 1678, 1755]Community78:
3           
[652, 1317, 1629]Community79:
2           
[679, 1773]Community80:
2           
[699, 959]Community81:
2           
[701, 858]Community82:
4           
[710, 970, 1373, 1641]Community83:
6           
[714, 848, 1269, 1282, 1297, 1647]Community84:
1           
[779]Community85:
1           
[784]Community86:
2           
[792, 1036]Community87:
3           
[809, 1240, 1562]Community88:
2           
[822, 1642]Community89:
2           
[843, 1237]Community90:
2           
[856, 1117]Community91:
4           
[912, 1487, 1520, 1540]Community92:
4           
[984, 1168, 1208, 1231]Community93:
8           
[1021, 1029, 1069, 1183, 1198, 1449, 1727, 1746]Community94:
2           
[1023, 1766]Community95:
3           
[1034, 1042, 1730]Community96:
2           
[1039, 1632]Community97:
6           
[1052, 1265, 1308, 1338, 1622, 1750]Community98:
1           
[1101]Community99:
5           
[1127, 1203, 1251, 1260, 1350]Community100:
2           
[1225, 1393]Community101:
2           
[1238, 1272]Community102:
3           
[1255, 1342, 1780]Community103:
2           
[1281, 1771]Community104:
2           
[1290, 1677]Community105:
2           
[1312, 1344]Community106:
3           
[1332, 1545, 1752]Community107:
3           
[1474, 1493, 1656]Community108:
2           
[1489, 1533]Community109:
2           
[1535, 1753]Community110:
2           
[1543, 1724]Community111:
2           
[1572, 1712]Communities count: 112
Time4:Community0:
13           
[1, 2, 3, 36, 180, 687, 754, 928, 1461, 1784, 1790, 1793, 1795]Community1:
2           
[8, 1799]Community2:
10           
[9, 32, 377, 938, 1338, 1731, 1785, 1807, 1809, 1815]Community3:
4           
[12, 271, 1644, 1808]Community4:
50           
[15, 64, 89, 111, 118, 122, 137, 141, 172, 182, 328, 334, 357, 418, 523, 525, 591, 612, 629, 708, 799, 846, 875, 920, 1022, 1032, 1041, 1114, 1137, 1149, 1182, 1380, 1394, 1541, 1566, 1592, 1635, 1811, 1814, 1817, 1818, 1819, 1820, 1821, 1822, 1823, 1824, 1825, 1826, 1827]Community5:
7           
[19, 434, 447, 1181, 1645, 1803, 1806]Community6:
4           
[27, 1009, 1285, 1600]Community7:
29           
[39, 109, 190, 256, 302, 318, 335, 375, 443, 553, 557, 600, 735, 798, 835, 893, 943, 952, 974, 1046, 1214, 1260, 1376, 1385, 1543, 1553, 1618, 1768, 1804]Community8:
4           
[42, 344, 1440, 1782]Community9:
12           
[44, 367, 632, 852, 1168, 1308, 1312, 1344, 1387, 1406, 1625, 1716]Community10:
3           
[50, 856, 1398]Community11:
2           
[51, 1775]Community12:
10           
[52, 144, 212, 260, 393, 430, 1675, 1730, 1781, 1783]Community13:
1           
[59]Community14:
3           
[63, 191, 429]Community15:
3           
[67, 657, 1304]Community16:
4           
[70, 272, 569, 674]Community17:
6           
[72, 105, 639, 1027, 1132, 1289]Community18:
2           
[93, 211]Community19:
8           
[95, 561, 626, 727, 868, 1310, 1322, 1403]Community20:
2           
[97, 871]Community21:
6           
[101, 193, 296, 899, 1565, 1805]Community22:
2           
[125, 131]Community23:
4           
[132, 312, 1491, 1626]Community24:
2           
[140, 1281]Community25:
2           
[142, 244]Community26:
4           
[143, 456, 1034, 1313]Community27:
2           
[145, 810]Community28:
5           
[152, 843, 847, 1255, 1434]Community29:
2           
[167, 1758]Community30:
9           
[175, 474, 652, 862, 874, 995, 1472, 1728, 1789]Community31:
3           
[189, 361, 1749]Community32:
2           
[194, 1215]Community33:
3           
[198, 809, 912]Community34:
2           
[199, 1509]Community35:
3           
[221, 634, 1796]Community36:
7           
[224, 311, 538, 615, 770, 1021, 1449]Community37:
2           
[233, 1676]Community38:
2           
[234, 1778]Community39:
4           
[245, 400, 710, 1373]Community40:
4           
[249, 503, 1316, 1489]Community41:
2           
[257, 1161]Community42:
2           
[273, 1002]Community43:
3           
[277, 283, 1688]Community44:
7           
[278, 341, 520, 681, 1399, 1583, 1792]Community45:
4           
[286, 1130, 1485, 1756]Community46:
2           
[291, 1787]Community47:
2           
[298, 1488]Community48:
5           
[303, 516, 749, 1445, 1724]Community49:
3           
[308, 1118, 1762]Community50:
2           
[309, 1467]Community51:
2           
[319, 438]Community52:
10           
[342, 468, 588, 975, 1546, 1554, 1582, 1585, 1669, 1786]Community53:
2           
[353, 1772]Community54:
12           
[358, 475, 651, 697, 707, 755, 783, 831, 967, 1031, 1686, 1739]Community55:
2           
[372, 407]Community56:
3           
[384, 830, 1748]Community57:
5           
[391, 784, 1029, 1282, 1741]Community58:
8           
[394, 431, 773, 969, 983, 1039, 1395, 1416]Community59:
2           
[396, 586]Community60:
7           
[398, 1013, 1042, 1136, 1624, 1738, 1810]Community61:
3           
[415, 997, 1425]Community62:
3           
[423, 1026, 1717]Community63:
3           
[483, 583, 821]Community64:
4           
[492, 812, 1253, 1773]Community65:
3           
[494, 714, 1647]Community66:
2           
[495, 585]Community67:
2           
[502, 1397]Community68:
2           
[504, 1740]Community69:
2           
[518, 1436]Community70:
2           
[547, 1169]Community71:
2           
[574, 1791]Community72:
5           
[593, 621, 768, 1280, 1287]Community73:
2           
[594, 1533]Community74:
2           
[595, 1101]Community75:
4           
[598, 1375, 1474, 1493]Community76:
2           
[605, 1698]Community77:
2           
[617, 1713]Community78:
2           
[620, 1487]Community79:
2           
[642, 711]Community80:
6           
[696, 713, 884, 1050, 1059, 1167]Community81:
5           
[719, 1297, 1340, 1771, 1788]Community82:
2           
[766, 1513]Community83:
2           
[818, 1542]Community84:
6           
[840, 1127, 1203, 1350, 1603, 1794]Community85:
2           
[898, 1562]Community86:
1           
[942]Community87:
2           
[1052, 1238]Community88:
2           
[1081, 1342]Community89:
2           
[1111, 1190]Community90:
2           
[1183, 1349]Community91:
2           
[1186, 1816]Community92:
2           
[1231, 1750]Community93:
2           
[1246, 1332]Community94:
3           
[1314, 1346, 1433]Community95:
2           
[1343, 1517]Community96:
2           
[1362, 1608]Community97:
2           
[1545, 1754]Community98:
2           
[1551, 1636]Community99:
2           
[1619, 1641]Community100:
2           
[1797, 1798]Community101:
3           
[1800, 1801, 1802]Community102:
2           
[1812, 1813]Communities count: 103
Time5:Community0:
329           
[1, 3, 9, 12, 27, 32, 36, 41, 42, 44, 48, 51, 52, 61, 67, 69, 90, 93, 95, 97, 105, 109, 114, 132, 140, 143, 145, 146, 155, 175, 176, 183, 189, 193, 198, 201, 204, 211, 221, 224, 234, 244, 249, 256, 260, 271, 281, 289, 298, 302, 303, 308, 312, 316, 317, 318, 323, 334, 341, 342, 346, 357, 366, 367, 372, 375, 393, 394, 398, 405, 415, 420, 423, 429, 431, 443, 447, 454, 456, 463, 469, 474, 475, 479, 492, 495, 503, 509, 520, 523, 525, 536, 544, 547, 553, 557, 561, 582, 585, 617, 620, 635, 639, 642, 645, 652, 673, 681, 697, 699, 701, 708, 710, 711, 719, 725, 747, 755, 768, 770, 784, 785, 792, 799, 805, 808, 809, 810, 812, 828, 843, 847, 868, 899, 924, 927, 967, 969, 970, 973, 974, 975, 983, 985, 1000, 1013, 1021, 1026, 1034, 1038, 1042, 1052, 1075, 1079, 1097, 1118, 1127, 1130, 1132, 1167, 1168, 1175, 1181, 1183, 1190, 1208, 1217, 1220, 1227, 1231, 1236, 1237, 1246, 1249, 1253, 1255, 1279, 1280, 1281, 1282, 1283, 1285, 1291, 1308, 1310, 1312, 1314, 1315, 1321, 1332, 1338, 1340, 1343, 1344, 1346, 1349, 1359, 1362, 1372, 1375, 1380, 1387, 1393, 1395, 1397, 1398, 1402, 1403, 1406, 1413, 1434, 1436, 1452, 1472, 1474, 1485, 1488, 1505, 1517, 1535, 1540, 1542, 1543, 1545, 1546, 1556, 1562, 1565, 1573, 1585, 1587, 1592, 1601, 1608, 1619, 1624, 1626, 1629, 1637, 1639, 1641, 1644, 1648, 1649, 1657, 1675, 1676, 1700, 1704, 1713, 1720, 1724, 1725, 1727, 1730, 1731, 1737, 1743, 1748, 1749, 1750, 1752, 1756, 1758, 1762, 1767, 1768, 1771, 1772, 1775, 1781, 1783, 1784, 1786, 1788, 1789, 1791, 1792, 1796, 1800, 1801, 1807, 1808, 1809, 1811, 1814, 1815, 1828, 1829, 1831, 1833, 1834, 1835, 1836, 1837, 1838, 1839, 1840, 1841, 1842, 1843, 1844, 1845, 1846, 1847, 1848, 1849, 1850, 1851, 1852, 1853, 1854, 1855, 1856, 1857, 1858, 1859, 1861, 1862, 1863, 1864, 1865, 1866, 1867, 1868, 1869, 1870, 1871, 1872]Community1:
5           
[63, 494, 993, 1860, 1873]Community2:
2           
[131, 1248]Community3:
2           
[199, 959]Community4:
2           
[277, 1688]Community5:
2           
[396, 586]Community6:
3           
[483, 583, 821]Community7:
2           
[518, 1830]Community8:
2           
[605, 1698]Community9:
3           
[621, 830, 1647]Community10:
2           
[696, 713]Community11:
4           
[783, 1391, 1741, 1832]Community12:
2           
[980, 1603]Community13:
3           
[1049, 1050, 1454]Community14:
2           
[1072, 1158]Community15:
2           
[1797, 1798]Communities count: 16
Time6:Community0:
7           
[1, 42, 132, 146, 312, 323, 423]Community1:
38           
[2, 3, 19, 26, 41, 83, 176, 242, 249, 281, 283, 285, 333, 338, 346, 372, 482, 545, 582, 610, 640, 701, 740, 741, 752, 800, 824, 893, 1042, 1180, 1187, 1189, 1196, 1262, 1419, 1463, 1626, 1882]Community2:
30           
[8, 93, 204, 277, 302, 306, 311, 314, 391, 525, 557, 657, 673, 784, 1097, 1215, 1217, 1284, 1362, 1372, 1417, 1436, 1497, 1624, 1678, 1755, 1772, 1781, 1808, 1899]Community3:
6           
[9, 224, 1190, 1308, 1644, 1716]Community4:
2           
[12, 1312]Community5:
5           
[27, 983, 1117, 1876, 1880]Community6:
4           
[32, 1034, 1730, 1878]Community7:
9           
[44, 168, 447, 773, 1064, 1402, 1768, 1847, 1866]Community8:
16           
[61, 69, 105, 342, 431, 513, 536, 561, 886, 927, 1118, 1395, 1487, 1543, 1713, 1890]Community9:
8           
[67, 645, 697, 808, 1168, 1319, 1864, 1883]Community10:
2           
[72, 1765]Community11:
4           
[95, 1796, 1852, 1865]Community12:
2           
[97, 1748]Community13:
4           
[131, 187, 1181, 1897]Community14:
10           
[144, 278, 418, 617, 652, 928, 987, 1344, 1565, 1783]Community15:
5           
[172, 523, 785, 1724, 1836]Community16:
2           
[175, 1814]Community17:
2           
[189, 712]Community18:
2           
[193, 393]Community19:
2           
[194, 1406]Community20:
2           
[211, 415]Community21:
2           
[221, 1896]Community22:
2           
[233, 810]Community23:
6           
[234, 642, 711, 1338, 1601, 1898]Community24:
2           
[316, 509]Community25:
2           
[398, 828]Community26:
5           
[429, 479, 1167, 1540, 1700]Community27:
2           
[451, 1874]Community28:
2           
[456, 1132]Community29:
1           
[463]Community30:
8           
[469, 492, 686, 768, 967, 1280, 1629, 1892]Community31:
2           
[475, 1741]Community32:
2           
[539, 710]Community33:
2           
[540, 615]Community34:
2           
[583, 821]Community35:
2           
[601, 1862]Community36:
2           
[620, 818]Community37:
2           
[621, 830]Community38:
6           
[674, 1075, 1079, 1313, 1616, 1727]Community39:
2           
[696, 713]Community40:
1           
[809]Community41:
3           
[843, 1236, 1237]Community42:
2           
[844, 1673]Community43:
3           
[847, 1491, 1872]Community44:
4           
[868, 1557, 1840, 1893]Community45:
3           
[969, 1416, 1669]Community46:
2           
[993, 1860]Community47:
2           
[1002, 1052]Community48:
4           
[1013, 1291, 1346, 1894]Community49:
2           
[1021, 1895]Community50:
2           
[1072, 1158]Community51:
2           
[1175, 1246]Community52:
2           
[1178, 1332]Community53:
2           
[1282, 1773]Community54:
2           
[1285, 1792]Community55:
2           
[1343, 1619]Community56:
4           
[1375, 1474, 1756, 1793]Community57:
11           
[1488, 1546, 1870, 1875, 1877, 1884, 1885, 1886, 1887, 1888, 1889]Community58:
3           
[1520, 1562, 1879]Community59:
2           
[1548, 1868]Community60:
4           
[1642, 1676, 1750, 1881]Community61:
2           
[1681, 1771]Community62:
1           
[1891]Communities count: 63
