Time0:
Community0:
114           
[8, 9, 10, 11, 14, 15, 16, 17, 22, 24, 32, 33, 36, 37, 40, 41, 42, 43, 49, 55, 58, 59, 61, 63, 66, 76, 77, 80, 83, 84, 87, 89, 93, 94, 103, 104, 105, 107, 109, 110, 112, 113, 114, 127, 130, 133, 134, 135, 147, 148, 150, 151, 152, 153, 155, 156, 157, 164, 165, 166, 167, 168, 169, 173, 174, 177, 178, 179, 180, 185, 186, 187, 189, 192, 199, 209, 210, 216, 222, 242, 243, 244, 249, 250, 251, 258, 270, 279, 280, 282, 285, 291, 292, 299, 301, 320, 330, 351, 358, 366, 380, 381, 395, 401, 429, 430, 451, 452, 464, 473, 474, 479, 520, 556]
Community1:
59           
[30, 31, 65, 71, 72, 106, 121, 160, 163, 172, 203, 205, 228, 233, 234, 278, 289, 304, 321, 335, 344, 356, 359, 367, 368, 371, 372, 375, 383, 391, 392, 394, 403, 407, 411, 412, 431, 437, 449, 460, 461, 466, 483, 484, 486, 487, 488, 489, 490, 491, 500, 504, 506, 507, 508, 517, 531, 539, 550]
Community2:
56           
[3, 4, 51, 62, 68, 102, 128, 132, 136, 161, 162, 181, 182, 194, 204, 206, 207, 221, 236, 241, 260, 262, 266, 267, 276, 284, 287, 294, 295, 296, 298, 312, 324, 329, 334, 339, 342, 354, 374, 389, 404, 415, 456, 457, 465, 467, 493, 494, 499, 501, 527, 528, 530, 552, 553, 554]
Community3:
43           
[1, 2, 5, 6, 7, 26, 96, 122, 123, 137, 138, 146, 159, 211, 212, 213, 224, 227, 231, 232, 246, 252, 255, 274, 277, 303, 307, 350, 362, 376, 377, 388, 397, 413, 416, 417, 436, 462, 477, 480, 481, 526, 551]
Community4:
41           
[60, 88, 131, 145, 239, 257, 263, 272, 273, 281, 297, 308, 310, 311, 315, 316, 317, 323, 332, 337, 349, 352, 355, 373, 390, 393, 398, 402, 405, 421, 435, 448, 455, 458, 471, 472, 497, 503, 522, 540, 547]
Community5:
40           
[20, 21, 25, 29, 85, 124, 140, 176, 188, 196, 197, 198, 200, 214, 217, 218, 219, 223, 225, 247, 248, 254, 269, 275, 283, 353, 378, 396, 400, 425, 428, 441, 442, 443, 444, 445, 463, 469, 470, 525]
Community6:
33           
[18, 19, 50, 64, 82, 111, 139, 158, 215, 264, 265, 331, 343, 357, 363, 364, 365, 382, 386, 387, 399, 409, 420, 422, 446, 453, 476, 478, 492, 512, 516, 519, 538]
Community7:
29           
[23, 99, 118, 119, 120, 125, 126, 142, 144, 149, 193, 195, 238, 240, 268, 290, 302, 322, 369, 370, 454, 509, 510, 532, 534, 536, 537, 541, 555]Community8:
27           
[70, 97, 98, 319, 325, 327, 333, 336, 338, 348, 385, 439, 440, 447, 482, 495, 498, 513, 514, 523, 524, 542, 543, 545, 546, 548, 549]
Community9:
24           
[44, 45, 46, 47, 73, 74, 78, 79, 90, 91, 92, 116, 117, 129, 141, 226, 326, 379, 408, 419, 432, 459, 511, 544]
Community10:
24           
[12, 13, 48, 52, 81, 95, 175, 191, 220, 235, 237, 245, 256, 259, 261, 300, 314, 328, 347, 360, 384, 424, 485, 505]
Community11:
21           
[34, 35, 38, 39, 67, 75, 86, 108, 202, 286, 288, 309, 313, 318, 468, 475, 496, 502, 529, 533, 535]
Community12:
18           
[53, 54, 56, 57, 154, 170, 171, 253, 305, 306, 340, 341, 345, 346, 361, 438, 518, 521]
Community13:
17           
[27, 28, 69, 100, 101, 115, 183, 184, 190, 208, 271, 293, 406, 414, 418, 450, 515]
Community14:
4           
[143, 201, 410, 423]
Community15:
2           
[229, 230]
Community16:
2           
[426, 427]
Community17:
2           
[433, 434]
Communities count: 18
Time1:
Community0:
164           
[1, 7, 26, 30, 42, 43, 50, 54, 55, 60, 62, 96, 105, 106, 122, 132, 135, 146, 155, 159, 161, 162, 163, 174, 220, 234, 241, 260, 288, 291, 310, 312, 326, 335, 346, 354, 356, 366, 393, 398, 404, 449, 456, 465, 470, 474, 477, 526, 543, 553, 563, 589, 621, 650, 654, 669, 679, 701, 720, 749, 772, 787, 810, 828, 837, 851, 852, 858, 903, 915, 922, 949, 951, 964, 977, 1013, 1014, 1018, 1027, 1028, 1031, 1046, 1051, 1055, 1061, 1062, 1095, 1107, 1108, 1109, 1129, 1134, 1141, 1143, 1144, 1145, 1147, 1148, 1149, 1150, 1151, 1152, 1157, 1159, 1162, 1172, 1173, 1174, 1176, 1180, 1183, 1190, 1191, 1193, 1225, 1229, 1248, 1266, 1271, 1274, 1276, 1281, 1288, 1291, 1294, 1307, 1308, 1309, 1310, 1329, 1333, 1345, 1349, 1351, 1353, 1355, 1356, 1357, 1360, 1361, 1373, 1412, 1414, 1418, 1419, 1428, 1429, 1434, 1440, 1453, 1455, 1463, 1469, 1477, 1482, 1485, 1486, 1487, 1490, 1495, 1499, 1506, 1512, 1516]
Community1:
160           
[32, 52, 73, 74, 103, 110, 119, 141, 143, 175, 201, 225, 227, 237, 254, 263, 272, 273, 274, 279, 281, 299, 308, 311, 317, 332, 333, 337, 340, 344, 345, 352, 358, 373, 379, 402, 403, 421, 430, 431, 442, 447, 462, 471, 503, 505, 511, 520, 537, 554, 561, 605, 607, 617, 637, 638, 640, 647, 673, 675, 680, 681, 682, 688, 691, 697, 700, 702, 703, 704, 727, 728, 730, 734, 736, 739, 742, 744, 745, 759, 769, 788, 799, 813, 825, 841, 847, 854, 855, 868, 870, 881, 900, 920, 923, 929, 930, 939, 946, 947, 948, 958, 959, 966, 967, 973, 995, 1002, 1011, 1037, 1053, 1067, 1076, 1078, 1079, 1080, 1081, 1082, 1090, 1091, 1099, 1100, 1110, 1124, 1136, 1140, 1168, 1171, 1175, 1177, 1195, 1201, 1209, 1211, 1215, 1218, 1232, 1234, 1235, 1247, 1249, 1250, 1254, 1257, 1298, 1300, 1312, 1322, 1331, 1372, 1385, 1395, 1467, 1470, 1475, 1480, 1484, 1507, 1508, 1519]
Community2:
144           
[8, 9, 12, 56, 67, 72, 79, 90, 109, 121, 134, 140, 142, 144, 148, 168, 177, 195, 199, 203, 244, 257, 269, 276, 282, 290, 319, 327, 329, 342, 343, 357, 377, 410, 413, 415, 420, 432, 436, 451, 452, 472, 479, 518, 527, 569, 577, 591, 601, 606, 611, 624, 634, 644, 677, 683, 690, 708, 711, 731, 735, 755, 774, 790, 808, 816, 818, 824, 834, 839, 845, 857, 866, 873, 883, 899, 901, 917, 918, 938, 941, 971, 972, 974, 978, 979, 997, 1000, 1003, 1017, 1022, 1034, 1035, 1039, 1045, 1052, 1060, 1068, 1074, 1075, 1092, 1106, 1118, 1121, 1128, 1166, 1178, 1184, 1196, 1197, 1200, 1206, 1208, 1227, 1242, 1251, 1253, 1268, 1277, 1278, 1287, 1296, 1323, 1327, 1334, 1337, 1396, 1408, 1415, 1417, 1420, 1430, 1431, 1450, 1451, 1461, 1462, 1496, 1501, 1502, 1503, 1510, 1521, 1523]
Community3:
116           
[3, 29, 59, 70, 76, 86, 104, 181, 194, 204, 206, 239, 258, 271, 294, 295, 296, 309, 353, 365, 380, 399, 405, 424, 429, 448, 453, 457, 495, 498, 516, 530, 540, 550, 585, 600, 618, 619, 661, 667, 686, 764, 783, 785, 786, 793, 817, 823, 831, 848, 850, 863, 869, 898, 932, 933, 937, 950, 981, 987, 998, 1004, 1008, 1025, 1032, 1050, 1057, 1064, 1084, 1085, 1086, 1087, 1088, 1104, 1113, 1125, 1135, 1139, 1146, 1160, 1182, 1187, 1192, 1198, 1205, 1214, 1222, 1223, 1226, 1230, 1239, 1269, 1270, 1279, 1293, 1301, 1314, 1346, 1348, 1362, 1367, 1375, 1391, 1394, 1405, 1435, 1452, 1456, 1457, 1458, 1459, 1460, 1472, 1474, 1493, 1500]
Community4:
110           
[2, 17, 41, 61, 94, 123, 125, 131, 151, 156, 180, 209, 242, 256, 259, 284, 285, 297, 314, 320, 334, 336, 359, 363, 364, 372, 386, 389, 394, 395, 422, 438, 454, 467, 473, 489, 494, 508, 509, 517, 522, 532, 536, 573, 610, 616, 666, 707, 709, 713, 714, 716, 717, 718, 732, 746, 750, 751, 766, 767, 771, 780, 805, 807, 809, 827, 830, 842, 874, 875, 877, 880, 882, 884, 919, 921, 927, 928, 940, 942, 962, 965, 982, 988, 999, 1001, 1040, 1041, 1043, 1048, 1059, 1101, 1111, 1127, 1137, 1163, 1165, 1203, 1224, 1240, 1263, 1265, 1284, 1311, 1352, 1358, 1369, 1442, 1494, 1517]
Community5:
99           
[44, 80, 81, 84, 91, 100, 101, 114, 116, 126, 172, 176, 184, 198, 226, 232, 243, 267, 277, 283, 338, 348, 370, 407, 425, 445, 461, 484, 497, 515, 539, 544, 568, 575, 595, 609, 614, 615, 649, 651, 659, 660, 684, 698, 765, 770, 777, 784, 815, 820, 836, 840, 843, 856, 871, 914, 944, 960, 970, 975, 984, 1021, 1023, 1026, 1066, 1089, 1103, 1114, 1116, 1117, 1119, 1155, 1167, 1186, 1199, 1204, 1213, 1236, 1237, 1241, 1259, 1285, 1302, 1305, 1321, 1340, 1364, 1365, 1366, 1384, 1393, 1422, 1423, 1424, 1427, 1468, 1478, 1492, 1497]
Community6:
97           
[97, 98, 102, 115, 128, 133, 185, 235, 236, 316, 324, 325, 355, 391, 423, 437, 460, 487, 488, 490, 523, 534, 542, 548, 549, 559, 560, 565, 567, 571, 582, 598, 602, 608, 625, 629, 631, 645, 662, 685, 706, 715, 724, 726, 729, 740, 760, 763, 775, 791, 794, 800, 890, 908, 924, 934, 945, 955, 957, 1012, 1033, 1049, 1069, 1070, 1071, 1072, 1093, 1096, 1154, 1158, 1161, 1188, 1210, 1212, 1216, 1243, 1256, 1262, 1292, 1303, 1354, 1377, 1397, 1401, 1409, 1439, 1443, 1476, 1479, 1498, 1509, 1511, 1513, 1514, 1515, 1518, 1520]Community7:
96           
[19, 25, 39, 47, 51, 63, 65, 75, 78, 93, 95, 118, 120, 127, 154, 191, 193, 211, 222, 233, 248, 304, 331, 347, 351, 374, 375, 385, 409, 419, 434, 443, 525, 547, 552, 556, 566, 592, 593, 597, 603, 622, 623, 628, 658, 722, 797, 804, 814, 826, 832, 849, 859, 865, 912, 913, 925, 943, 963, 968, 986, 990, 991, 996, 1058, 1094, 1097, 1098, 1130, 1133, 1142, 1169, 1170, 1207, 1221, 1246, 1299, 1306, 1320, 1363, 1368, 1386, 1390, 1392, 1400, 1403, 1411, 1464, 1465, 1466, 1471, 1473, 1483, 1505, 1522, 1524]Community8:
93           
[11, 13, 15, 20, 57, 58, 64, 108, 152, 158, 160, 165, 166, 173, 224, 251, 252, 286, 293, 315, 360, 376, 378, 382, 387, 396, 400, 401, 411, 428, 433, 444, 459, 463, 464, 469, 476, 481, 499, 504, 519, 528, 541, 572, 586, 596, 639, 687, 743, 748, 757, 773, 776, 806, 811, 838, 844, 862, 864, 876, 888, 889, 891, 892, 893, 894, 895, 896, 897, 902, 904, 905, 907, 909, 910, 911, 935, 936, 980, 989, 993, 994, 1009, 1010, 1029, 1054, 1056, 1153, 1179, 1290, 1316, 1378, 1380]Community9:
89           
[34, 38, 53, 112, 149, 183, 214, 221, 238, 250, 261, 266, 289, 313, 416, 468, 475, 482, 483, 492, 500, 501, 502, 512, 535, 546, 564, 576, 583, 584, 594, 653, 663, 692, 693, 694, 695, 733, 747, 752, 761, 768, 782, 796, 801, 819, 821, 822, 829, 835, 861, 878, 885, 916, 956, 1005, 1038, 1063, 1105, 1112, 1126, 1189, 1202, 1217, 1231, 1233, 1245, 1252, 1255, 1273, 1282, 1286, 1332, 1335, 1339, 1342, 1343, 1344, 1359, 1370, 1376, 1388, 1399, 1407, 1432, 1438, 1481, 1488, 1491]Community10:
81           
[83, 99, 147, 212, 303, 305, 306, 349, 350, 362, 368, 371, 388, 408, 439, 440, 480, 496, 513, 514, 521, 545, 551, 555, 562, 570, 587, 588, 590, 604, 612, 613, 626, 627, 630, 633, 636, 641, 648, 655, 656, 657, 664, 665, 668, 670, 671, 672, 676, 678, 689, 696, 723, 737, 738, 762, 778, 789, 795, 798, 846, 853, 860, 872, 906, 952, 992, 1019, 1047, 1065, 1102, 1115, 1120, 1122, 1131, 1228, 1289, 1328, 1421, 1449, 1489]Community11:
56           
[48, 68, 88, 124, 138, 157, 298, 302, 307, 323, 339, 341, 367, 418, 426, 427, 493, 538, 557, 558, 579, 580, 599, 632, 642, 643, 646, 674, 721, 741, 753, 758, 781, 867, 926, 961, 969, 1007, 1024, 1044, 1073, 1083, 1164, 1238, 1267, 1297, 1319, 1338, 1347, 1371, 1379, 1402, 1433, 1437, 1447, 1454]Community12:
39           
[6, 36, 69, 129, 145, 189, 249, 318, 328, 381, 578, 581, 635, 712, 719, 725, 779, 802, 812, 833, 879, 886, 931, 1020, 1042, 1132, 1156, 1181, 1194, 1260, 1261, 1280, 1304, 1324, 1330, 1336, 1398, 1410, 1504]Community13:
30           
[219, 228, 245, 270, 280, 300, 321, 392, 466, 699, 705, 710, 754, 803, 1077, 1138, 1185, 1220, 1264, 1283, 1295, 1315, 1341, 1350, 1374, 1381, 1382, 1383, 1389, 1416]Community14:
29           
[441, 507, 792, 887, 976, 983, 985, 1006, 1036, 1123, 1219, 1244, 1272, 1275, 1313, 1317, 1318, 1325, 1326, 1387, 1404, 1406, 1413, 1426, 1441, 1444, 1445, 1446, 1448]Community15:
20           
[27, 35, 85, 87, 190, 215, 265, 278, 322, 414, 574, 620, 652, 756, 953, 954, 1015, 1016, 1030, 1425]Community16:
2           
[10, 1258]Community17:
2           
[361, 1436]Communities count: 18
Time2:Community0:
115           
[41, 58, 61, 68, 104, 147, 192, 194, 209, 225, 239, 298, 321, 323, 339, 353, 354, 372, 375, 386, 389, 392, 421, 423, 432, 454, 482, 494, 514, 517, 518, 543, 546, 573, 578, 616, 713, 714, 762, 781, 784, 830, 842, 866, 878, 884, 893, 912, 927, 950, 962, 980, 992, 998, 1004, 1005, 1015, 1029, 1034, 1038, 1049, 1051, 1052, 1066, 1101, 1127, 1136, 1165, 1178, 1189, 1237, 1284, 1289, 1315, 1326, 1328, 1340, 1348, 1353, 1373, 1400, 1405, 1407, 1426, 1436, 1441, 1488, 1489, 1493, 1496, 1497, 1505, 1515, 1528, 1533, 1536, 1547, 1550, 1560, 1576, 1584, 1587, 1588, 1589, 1590, 1593, 1660, 1661, 1665, 1668, 1674, 1699, 1717, 1721, 1722]Community1:
85           
[53, 66, 70, 87, 152, 183, 202, 203, 214, 250, 277, 282, 286, 296, 297, 300, 373, 378, 413, 431, 438, 475, 503, 512, 525, 540, 545, 557, 592, 605, 617, 687, 704, 706, 734, 739, 740, 757, 794, 871, 958, 959, 969, 970, 984, 988, 1074, 1181, 1231, 1236, 1282, 1295, 1314, 1319, 1346, 1364, 1381, 1383, 1401, 1448, 1463, 1466, 1531, 1542, 1543, 1583, 1601, 1615, 1636, 1641, 1657, 1666, 1667, 1684, 1688, 1690, 1702, 1712, 1713, 1714, 1715, 1719, 1724, 1726, 1730]Community2:
81           
[42, 43, 72, 128, 257, 324, 329, 334, 374, 408, 484, 528, 548, 600, 607, 612, 645, 677, 679, 700, 743, 744, 751, 779, 795, 809, 814, 819, 822, 828, 843, 847, 885, 913, 964, 1019, 1059, 1117, 1142, 1153, 1161, 1162, 1171, 1176, 1185, 1195, 1224, 1308, 1354, 1368, 1372, 1378, 1379, 1406, 1415, 1507, 1510, 1521, 1534, 1537, 1552, 1553, 1558, 1559, 1574, 1578, 1597, 1603, 1605, 1606, 1610, 1614, 1621, 1622, 1635, 1642, 1663, 1689, 1691, 1709, 1716]Community3:
80           
[6, 8, 69, 154, 177, 204, 242, 245, 278, 302, 311, 346, 361, 403, 463, 468, 469, 470, 538, 576, 599, 621, 638, 659, 674, 697, 728, 729, 733, 753, 773, 783, 788, 799, 818, 838, 864, 883, 995, 1009, 1024, 1032, 1039, 1056, 1063, 1065, 1068, 1069, 1131, 1169, 1188, 1227, 1238, 1297, 1316, 1338, 1402, 1420, 1442, 1452, 1453, 1475, 1539, 1544, 1563, 1573, 1581, 1608, 1620, 1628, 1631, 1632, 1640, 1647, 1649, 1654, 1671, 1698, 1705, 1727]Community4:
70           
[48, 88, 90, 131, 163, 221, 263, 272, 285, 294, 303, 325, 327, 337, 345, 398, 405, 415, 465, 549, 560, 568, 625, 632, 667, 673, 726, 768, 793, 823, 841, 863, 881, 886, 924, 938, 967, 986, 997, 1006, 1013, 1107, 1174, 1208, 1215, 1248, 1253, 1262, 1265, 1272, 1280, 1287, 1304, 1323, 1397, 1408, 1438, 1525, 1548, 1549, 1591, 1598, 1599, 1658, 1685, 1696, 1700, 1701, 1704, 1720]Community5:
63           
[44, 47, 83, 96, 124, 173, 175, 249, 316, 338, 367, 395, 400, 402, 440, 447, 474, 502, 504, 509, 541, 593, 615, 758, 778, 787, 802, 839, 974, 994, 1026, 1042, 1050, 1100, 1179, 1244, 1255, 1275, 1296, 1302, 1339, 1358, 1384, 1416, 1490, 1491, 1511, 1540, 1546, 1555, 1561, 1568, 1569, 1592, 1619, 1629, 1653, 1655, 1681, 1695, 1708, 1718, 1731]Community6:
61           
[1, 2, 3, 32, 36, 132, 135, 146, 161, 162, 189, 211, 219, 276, 312, 319, 332, 352, 379, 430, 542, 611, 634, 641, 749, 790, 840, 846, 852, 856, 966, 983, 985, 1053, 1075, 1077, 1081, 1105, 1154, 1226, 1288, 1356, 1419, 1440, 1486, 1487, 1509, 1532, 1566, 1577, 1594, 1609, 1611, 1612, 1626, 1673, 1682, 1683, 1692, 1710, 1711]Community7:
60           
[19, 34, 63, 73, 118, 141, 193, 224, 233, 281, 366, 422, 453, 456, 462, 516, 595, 635, 639, 643, 708, 725, 735, 810, 812, 923, 993, 1033, 1071, 1093, 1130, 1168, 1260, 1281, 1286, 1291, 1299, 1310, 1335, 1342, 1343, 1349, 1355, 1359, 1365, 1410, 1412, 1430, 1433, 1526, 1575, 1604, 1624, 1633, 1638, 1645, 1646, 1664, 1694, 1707]Community8:
58           
[9, 29, 67, 155, 318, 356, 370, 483, 507, 526, 537, 569, 596, 610, 646, 669, 686, 710, 727, 777, 798, 821, 831, 832, 859, 1014, 1031, 1097, 1109, 1167, 1187, 1194, 1196, 1199, 1228, 1270, 1283, 1313, 1329, 1352, 1382, 1386, 1396, 1403, 1424, 1501, 1522, 1579, 1580, 1617, 1618, 1625, 1637, 1639, 1650, 1651, 1676, 1706]Community9:
49           
[30, 103, 114, 143, 201, 252, 254, 260, 271, 342, 357, 409, 520, 539, 563, 594, 640, 658, 752, 766, 770, 774, 815, 874, 899, 908, 919, 944, 949, 973, 1103, 1235, 1305, 1362, 1363, 1395, 1417, 1427, 1431, 1468, 1479, 1514, 1518, 1523, 1554, 1643, 1644, 1652, 1697]Community10:
48           
[62, 160, 172, 191, 199, 291, 377, 390, 393, 394, 425, 429, 485, 495, 498, 536, 676, 738, 741, 765, 806, 933, 942, 1018, 1043, 1060, 1111, 1190, 1206, 1213, 1290, 1332, 1367, 1421, 1437, 1454, 1485, 1504, 1516, 1567, 1582, 1585, 1630, 1677, 1686, 1687, 1723, 1729]Community11:
48           
[38, 85, 95, 99, 109, 142, 144, 238, 283, 299, 313, 527, 547, 561, 606, 642, 681, 707, 711, 712, 801, 862, 1083, 1118, 1121, 1175, 1180, 1225, 1246, 1251, 1327, 1385, 1393, 1443, 1447, 1500, 1502, 1503, 1527, 1556, 1557, 1570, 1571, 1586, 1595, 1613, 1623, 1693]Community12:
40           
[27, 52, 97, 322, 326, 341, 437, 439, 443, 473, 544, 552, 620, 652, 688, 797, 800, 898, 975, 990, 1021, 1072, 1078, 1079, 1113, 1158, 1211, 1217, 1256, 1285, 1317, 1377, 1413, 1423, 1449, 1541, 1600, 1672, 1680, 1725]Community13:
30           
[12, 60, 105, 174, 212, 220, 234, 259, 308, 350, 481, 585, 719, 865, 870, 963, 1177, 1312, 1344, 1387, 1434, 1444, 1535, 1545, 1551, 1627, 1648, 1656, 1669, 1670]Community14:
28           
[84, 449, 451, 460, 487, 513, 555, 598, 601, 716, 792, 901, 928, 932, 1036, 1037, 1070, 1080, 1123, 1292, 1474, 1513, 1517, 1520, 1538, 1562, 1634, 1659]Community15:
25           
[101, 176, 198, 228, 307, 309, 317, 358, 442, 523, 609, 701, 754, 858, 1184, 1269, 1375, 1467, 1472, 1508, 1529, 1564, 1565, 1662, 1679]Community16:
23           
[50, 57, 145, 314, 333, 376, 582, 586, 626, 644, 654, 731, 824, 940, 1173, 1183, 1252, 1261, 1361, 1616, 1675, 1703, 1728]Community17:
5           
[59, 328, 581, 1602, 1678]Community18:
3           
[808, 1596, 1607]Community19:
2           
[1234, 1254]Community20:
2           
[180, 182]Community21:
2           
[261, 835]Community22:
2           
[817, 981]Community23:
2           
[1132, 1425]Community24:
2           
[1192, 1530]Community25:
2           
[1429, 1572]Communities count: 26
Time3:Community0:
67           
[1, 2, 3, 26, 32, 62, 167, 173, 243, 255, 302, 303, 312, 374, 375, 377, 408, 443, 477, 498, 545, 569, 598, 640, 645, 652, 681, 687, 700, 731, 740, 752, 782, 790, 800, 840, 846, 851, 856, 865, 881, 933, 1110, 1117, 1130, 1154, 1167, 1185, 1189, 1238, 1270, 1272, 1315, 1317, 1335, 1340, 1349, 1352, 1371, 1409, 1412, 1620, 1629, 1662, 1728, 1751, 1779]Community1:
57           
[44, 52, 61, 69, 105, 109, 152, 199, 212, 249, 283, 286, 318, 474, 475, 502, 540, 592, 678, 725, 809, 819, 847, 852, 868, 871, 995, 1018, 1027, 1039, 1111, 1142, 1240, 1244, 1302, 1332, 1353, 1375, 1403, 1408, 1415, 1485, 1489, 1509, 1518, 1533, 1542, 1545, 1624, 1626, 1632, 1644, 1698, 1736, 1739, 1754, 1756]Community2:
55           
[36, 93, 118, 135, 155, 193, 211, 233, 409, 438, 462, 482, 525, 532, 536, 537, 538, 547, 593, 599, 605, 617, 621, 714, 724, 749, 817, 848, 878, 893, 938, 975, 1029, 1136, 1195, 1234, 1269, 1282, 1297, 1299, 1530, 1548, 1563, 1568, 1582, 1585, 1616, 1647, 1671, 1676, 1713, 1733, 1738, 1742, 1743]Community3:
49           
[47, 48, 63, 142, 168, 204, 219, 378, 415, 437, 454, 456, 460, 543, 549, 673, 674, 679, 781, 812, 912, 974, 979, 997, 1056, 1121, 1127, 1157, 1203, 1251, 1253, 1260, 1350, 1379, 1423, 1487, 1494, 1513, 1520, 1521, 1540, 1575, 1639, 1665, 1669, 1737, 1744, 1765, 1773]Community4:
41           
[8, 9, 12, 19, 72, 97, 144, 194, 220, 260, 282, 295, 297, 430, 507, 638, 644, 726, 788, 794, 1034, 1118, 1265, 1308, 1312, 1313, 1342, 1343, 1344, 1359, 1535, 1622, 1716, 1719, 1731, 1752, 1753, 1758, 1759, 1761, 1763]Community5:
35           
[42, 68, 124, 127, 161, 257, 288, 298, 309, 323, 344, 384, 468, 495, 741, 970, 1050, 1075, 1103, 1198, 1255, 1271, 1329, 1362, 1406, 1440, 1467, 1543, 1572, 1641, 1673, 1712, 1724, 1748, 1780]Community6:
32           
[41, 172, 176, 234, 341, 342, 523, 639, 699, 710, 739, 898, 959, 969, 971, 990, 1113, 1373, 1395, 1436, 1474, 1493, 1652, 1656, 1725, 1734, 1735, 1745, 1747, 1757, 1772, 1778]Community7:
26           
[67, 214, 328, 642, 697, 711, 779, 1042, 1052, 1239, 1338, 1675, 1678, 1730, 1746, 1750, 1755, 1760, 1767, 1768, 1769, 1770, 1774, 1775, 1776, 1777]Community8:
21           
[132, 400, 601, 713, 727, 768, 774, 822, 884, 924, 1059, 1169, 1280, 1287, 1339, 1468, 1491, 1546, 1554, 1642, 1681]Community9:
20           
[252, 271, 277, 362, 391, 588, 773, 783, 784, 798, 815, 899, 1049, 1072, 1158, 1380, 1391, 1497, 1688, 1741]Community10:
19           
[95, 175, 224, 317, 319, 396, 431, 561, 626, 810, 960, 1161, 1295, 1310, 1316, 1387, 1431, 1452, 1579]Community11:
18           
[30, 395, 398, 447, 620, 654, 799, 874, 942, 983, 984, 1013, 1168, 1181, 1208, 1231, 1475, 1667]Community12:
17           
[27, 163, 256, 393, 394, 509, 582, 861, 986, 1009, 1026, 1079, 1132, 1190, 1285, 1565, 1686]Community13:
16           
[189, 346, 358, 367, 483, 518, 719, 1063, 1314, 1346, 1397, 1433, 1472, 1488, 1655, 1749]Community14:
13           
[143, 201, 353, 361, 372, 471, 908, 1021, 1069, 1183, 1449, 1717, 1727]Community15:
13           
[160, 191, 242, 429, 595, 624, 787, 823, 952, 1101, 1178, 1526, 1680]Community16:
9           
[245, 254, 308, 615, 1281, 1283, 1762, 1764, 1771]Community17:
6           
[281, 557, 708, 843, 1237, 1500]Community18:
6           
[81, 85, 488, 1434, 1562, 1679]Community19:
3           
[259, 1556, 1732]Community20:
2           
[440, 1384]Community21:
2           
[209, 1699]Community22:
2           
[324, 329]Community23:
2           
[389, 494]Community24:
2           
[504, 1740]Community25:
2           
[701, 858]Community26:
2           
[792, 1036]Community27:
2           
[54, 1128]Community28:
2           
[1225, 1393]Community29:
2           
[1290, 1677]Community30:
2           
[1023, 1766]Communities count: 31
Time4:Community0:
57           
[15, 64, 89, 111, 118, 122, 137, 141, 182, 298, 328, 334, 357, 418, 492, 495, 523, 525, 585, 591, 612, 629, 708, 799, 812, 846, 875, 920, 1022, 1032, 1041, 1114, 1137, 1149, 1182, 1253, 1380, 1394, 1488, 1541, 1566, 1592, 1635, 1773, 1811, 1814, 1817, 1818, 1819, 1820, 1821, 1822, 1823, 1824, 1825, 1826, 1827]Community1:
41           
[12, 39, 109, 143, 190, 194, 256, 309, 318, 335, 375, 415, 553, 600, 697, 735, 755, 798, 835, 852, 874, 893, 943, 952, 974, 1214, 1215, 1260, 1312, 1343, 1376, 1385, 1387, 1467, 1543, 1553, 1582, 1618, 1768, 1804, 1808]Community2:
35           
[70, 97, 105, 272, 303, 367, 456, 516, 569, 615, 639, 674, 681, 719, 749, 871, 995, 1027, 1042, 1052, 1132, 1238, 1289, 1297, 1308, 1340, 1445, 1624, 1625, 1716, 1724, 1771, 1788, 1789, 1810]Community3:
33           
[249, 286, 342, 353, 394, 431, 468, 483, 503, 561, 588, 617, 727, 773, 821, 969, 975, 983, 1039, 1130, 1255, 1316, 1395, 1416, 1485, 1489, 1585, 1619, 1641, 1669, 1713, 1756, 1772]Community4:
30           
[8, 32, 36, 152, 189, 319, 361, 377, 438, 574, 642, 711, 818, 843, 847, 938, 997, 1127, 1203, 1350, 1425, 1434, 1603, 1675, 1749, 1785, 1791, 1794, 1807, 1809]Community5:
29           
[42, 72, 221, 245, 278, 341, 344, 393, 400, 520, 632, 710, 1021, 1111, 1168, 1190, 1231, 1285, 1310, 1373, 1399, 1440, 1449, 1583, 1600, 1750, 1782, 1792, 1799]Community6:
29           
[9, 19, 52, 212, 260, 430, 434, 443, 447, 942, 1034, 1046, 1081, 1181, 1313, 1314, 1332, 1342, 1346, 1433, 1545, 1645, 1730, 1731, 1754, 1781, 1783, 1803, 1806]Community7:
27           
[44, 51, 67, 95, 125, 131, 145, 175, 180, 547, 583, 634, 657, 810, 868, 1169, 1246, 1304, 1322, 1403, 1406, 1542, 1775, 1796, 1800, 1801, 1802]Community8:
25           
[1, 2, 3, 93, 132, 211, 234, 312, 598, 620, 687, 754, 928, 1375, 1461, 1474, 1487, 1491, 1493, 1626, 1778, 1784, 1790, 1793, 1795]Community9:
21           
[27, 271, 358, 398, 475, 502, 651, 652, 707, 783, 831, 862, 1009, 1013, 1031, 1136, 1397, 1686, 1728, 1738, 1739]Community10:
14           
[142, 144, 167, 172, 244, 384, 396, 586, 830, 1362, 1472, 1608, 1748, 1758]Community11:
12           
[474, 593, 768, 898, 1280, 1287, 1344, 1517, 1546, 1554, 1562, 1786]Community12:
11           
[140, 302, 308, 557, 967, 1118, 1281, 1338, 1644, 1762, 1815]Community13:
11           
[59, 277, 283, 391, 626, 784, 840, 1029, 1282, 1688, 1741]Community14:
10           
[101, 193, 199, 233, 296, 899, 1509, 1565, 1676, 1805]Community15:
9           
[198, 696, 713, 809, 884, 912, 1050, 1059, 1167]Community16:
8           
[63, 191, 429, 494, 518, 714, 1436, 1647]Community17:
7           
[224, 311, 538, 595, 621, 770, 1101]Community18:
3           
[50, 856, 1398]Community19:
3           
[423, 1026, 1717]Community20:
2           
[257, 1161]Community21:
2           
[291, 1787]Community22:
2           
[372, 407]Community23:
2           
[594, 1533]Community24:
2           
[605, 1698]Community25:
2           
[766, 1513]Community26:
2           
[273, 1002]Community27:
2           
[1183, 1349]Community28:
2           
[1186, 1816]Community29:
2           
[1551, 1636]Community30:
2           
[504, 1740]Community31:
2           
[1797, 1798]Community32:
2           
[1812, 1813]Communities count: 33
Time5:Community0:
51           
[32, 36, 41, 67, 176, 183, 289, 317, 334, 357, 366, 367, 415, 479, 523, 536, 673, 768, 783, 799, 812, 927, 1127, 1227, 1280, 1340, 1343, 1359, 1391, 1403, 1546, 1573, 1587, 1592, 1657, 1675, 1676, 1731, 1741, 1749, 1771, 1786, 1789, 1807, 1809, 1828, 1829, 1832, 1838, 1856, 1857]Community1:
50           
[90, 105, 155, 175, 234, 271, 281, 398, 420, 423, 447, 474, 525, 544, 635, 719, 725, 755, 805, 810, 828, 1013, 1042, 1052, 1075, 1168, 1175, 1253, 1291, 1349, 1362, 1395, 1398, 1608, 1624, 1648, 1704, 1730, 1743, 1772, 1792, 1811, 1814, 1862, 1864, 1866, 1868, 1869, 1871, 1872]Community2:
49           
[42, 48, 97, 249, 260, 308, 316, 372, 375, 429, 454, 509, 681, 699, 785, 809, 843, 967, 969, 1026, 1167, 1236, 1237, 1249, 1315, 1321, 1393, 1397, 1406, 1413, 1540, 1700, 1720, 1724, 1725, 1748, 1791, 1834, 1835, 1836, 1837, 1839, 1843, 1844, 1845, 1847, 1853, 1863, 1867]Community3:
29           
[9, 61, 145, 224, 341, 394, 456, 463, 475, 492, 708, 747, 792, 847, 899, 1021, 1097, 1132, 1181, 1190, 1255, 1308, 1380, 1488, 1542, 1619, 1644, 1758, 1854]Community4:
27           
[52, 109, 140, 256, 302, 342, 405, 431, 443, 495, 520, 557, 561, 617, 639, 770, 975, 1282, 1310, 1543, 1637, 1713, 1750, 1848, 1855, 1861, 1870]Community5:
24           
[27, 69, 193, 198, 298, 323, 393, 585, 620, 652, 970, 983, 985, 1000, 1079, 1130, 1208, 1220, 1285, 1372, 1565, 1585, 1641, 1788]Community6:
23           
[114, 143, 201, 318, 547, 553, 701, 711, 784, 973, 1118, 1246, 1279, 1338, 1402, 1505, 1601, 1639, 1727, 1737, 1768, 1815, 1858]Community7:
21           
[12, 204, 221, 244, 303, 645, 868, 974, 1183, 1231, 1312, 1332, 1387, 1434, 1535, 1545, 1556, 1752, 1783, 1808, 1831]Community8:
20           
[95, 642, 697, 710, 808, 924, 1034, 1281, 1283, 1452, 1472, 1517, 1562, 1762, 1767, 1796, 1840, 1842, 1849, 1859]Community9:
18           
[1, 3, 44, 93, 132, 146, 189, 211, 312, 1038, 1626, 1649, 1784, 1800, 1801, 1846, 1850, 1851]Community10:
15           
[346, 469, 503, 1217, 1344, 1375, 1474, 1485, 1629, 1756, 1781, 1833, 1841, 1852, 1865]Community11:
5           
[63, 494, 993, 1860, 1873]Community12:
4           
[51, 582, 1436, 1775]Community13:
3           
[483, 583, 821]Community14:
3           
[1049, 1050, 1454]Community15:
3           
[621, 830, 1647]Community16:
2           
[396, 586]Community17:
2           
[696, 713]Community18:
2           
[199, 959]Community19:
2           
[980, 1603]Community20:
2           
[1072, 1158]Community21:
2           
[131, 1248]Community22:
2           
[1314, 1346]Community23:
2           
[277, 1688]Community24:
2           
[605, 1698]Community25:
2           
[1797, 1798]Community26:
2           
[518, 1830]Communities count: 27
Time6:Community0:
40           
[2, 3, 19, 26, 41, 83, 176, 242, 249, 281, 283, 285, 333, 338, 346, 372, 482, 540, 545, 582, 610, 615, 640, 701, 740, 741, 752, 800, 824, 893, 1042, 1180, 1187, 1189, 1196, 1262, 1419, 1463, 1626, 1882]Community1:
35           
[144, 172, 233, 513, 523, 536, 617, 785, 810, 886, 927, 1013, 1117, 1118, 1291, 1346, 1362, 1487, 1488, 1520, 1543, 1562, 1713, 1724, 1836, 1870, 1879, 1884, 1885, 1886, 1887, 1888, 1889, 1890, 1894]Community2:
31           
[8, 61, 193, 204, 277, 306, 311, 314, 391, 393, 463, 475, 657, 696, 713, 773, 784, 987, 1097, 1215, 1217, 1284, 1285, 1372, 1417, 1436, 1497, 1741, 1792, 1847, 1899]Community3:
27           
[9, 32, 93, 234, 302, 525, 557, 847, 1021, 1034, 1075, 1168, 1190, 1308, 1491, 1616, 1624, 1716, 1727, 1730, 1772, 1781, 1864, 1872, 1878, 1883, 1895]Community4:
22           
[12, 67, 429, 479, 492, 645, 686, 697, 768, 808, 809, 967, 1167, 1280, 1312, 1319, 1344, 1540, 1700, 1783, 1852, 1892]Community5:
14           
[27, 620, 673, 818, 868, 1282, 1557, 1755, 1773, 1808, 1840, 1876, 1880, 1893]Community6:
14           
[224, 674, 983, 1002, 1052, 1079, 1313, 1642, 1644, 1676, 1750, 1865, 1877, 1881]Community7:
13           
[69, 132, 278, 418, 423, 652, 928, 1178, 1332, 1395, 1565, 1678, 1796]Community8:
12           
[211, 415, 642, 711, 1338, 1546, 1548, 1601, 1868, 1875, 1891, 1898]Community9:
11           
[44, 168, 447, 1064, 1375, 1402, 1474, 1756, 1768, 1793, 1866]Community10:
8           
[95, 105, 342, 431, 561, 969, 1416, 1669]Community11:
6           
[131, 187, 469, 1181, 1629, 1897]Community12:
5           
[1, 42, 146, 312, 323]Community13:
3           
[843, 1236, 1237]Community14:
2           
[97, 1748]Community15:
2           
[175, 1814]Community16:
2           
[316, 509]Community17:
2           
[398, 828]Community18:
2           
[539, 710]Community19:
2           
[189, 712]Community20:
2           
[583, 821]Community21:
2           
[621, 830]Community22:
2           
[456, 1132]Community23:
2           
[1072, 1158]Community24:
2           
[1175, 1246]Community25:
2           
[1343, 1619]Community26:
2           
[194, 1406]Community27:
2           
[844, 1673]Community28:
2           
[72, 1765]Community29:
2           
[1681, 1771]Community30:
2           
[993, 1860]Community31:
2           
[601, 1862]Community32:
2           
[451, 1874]Community33:
2           
[221, 1896]Communities count: 34
