Time1:
[1, 44, 60, 329, 495, 599, 600]
[1, 741]
Time1:
[2, 619]
[2, 128, 619]
Time1:
[3, 156, 723]
[3, 283, 548, 662, 667]
Time1:
[1, 44, 60, 329, 495, 599, 600]
[4, 60, 600, 669, 798]
Time1:
[5, 98]
[5, 373]
Time1:
[6, 131, 237, 452, 671, 716]
[6, 47, 729]
Time1:
[7, 288]
[7, 578, 780]
Time1:
[6, 131, 237, 452, 671, 716]
[8, 103, 122, 716, 759]
Time1:
[52, 81]
[9, 52, 107, 251, 259, 726]
Time1:
[75, 348, 391, 747]
[10, 181, 391, 562, 809]
Time1:
[4, 30, 367, 443, 620, 667, 669, 864, 888]
[11, 15, 30, 50, 207, 272, 439, 684, 826]
Time1:
[13, 467, 618, 757]
[13, 192, 322, 363, 385, 836, 894]
Time1:
[14, 887]
[14, 22, 29, 186, 328, 484, 606]
Time1:
[352, 641]
[16, 149, 352, 641, 728, 879]
Time1:
[24, 69, 487, 730]
[17, 83, 487, 681, 730]
Time1:
[18, 897]
[18, 204, 238]
Time1:
[19, 59, 118, 430, 491]
[19, 616, 706, 787]
Time1:
[93, 286, 518, 742, 783, 836]
[21, 286]
Time1:
[25, 40, 210, 317, 345, 722, 858]
[26, 40, 278, 464]
Time1:
[99, 182, 592, 613, 673]
[28, 182, 254]
Time1:
[25, 40, 210, 317, 345, 722, 858]
[31, 345, 622, 828]
Time1:
[32, 824]
[32, 216, 738]
Time1:
[33, 269, 313]
[33, 579]
Time1:
[353, 523]
[34, 353, 379, 523, 629]
Time1:
[35, 745]
[35, 305, 425, 507, 510, 804]
Time1:
[36, 351, 700, 895]
[36, 351]
Time1:
[37, 242, 728, 833]
[37, 422, 880]
Time1:
[38, 180, 187]
[38, 175, 187, 220, 483, 511, 535, 625, 637, 714, 875, 892]
Time1:
[39, 692, 785, 894]
[39, 77, 248, 323, 356, 437]
Time1:
[41, 324]
[41, 324]
Time1:
[43, 350, 419]
[43, 350, 419, 725]
Time1:
[1, 44, 60, 329, 495, 599, 600]
[44, 92, 297, 316]
Time1:
[6, 131, 237, 452, 671, 716]
[45, 237, 252, 486, 561, 602, 762]
Time1:
[46, 152, 166, 169, 174, 261, 356, 379, 414, 694, 714, 717, 751]
[46, 133, 255, 552]
Time1:
[48, 522]
[48, 96, 202, 712, 731, 790]
Time1:
[5, 98]
[49, 98, 567]
Time1:
[51, 748, 830]
[51, 610]
Time1:
[46, 152, 166, 169, 174, 261, 356, 379, 414, 694, 714, 717, 751]
[53, 152, 624]
Time1:
[54, 62, 875]
[54, 682, 865]
Time1:
[48, 522]
[55, 522]
Time1:
[56, 543]
[56, 85, 331, 541]
Time1:
[57, 135, 292, 456, 572, 598, 837]
[57, 292]
Time1:
[58, 61, 715]
[58, 862]
Time1:
[19, 59, 118, 430, 491]
[59, 193, 284, 740]
Time1:
[58, 61, 715]
[61, 275]
Time1:
[54, 62, 875]
[62, 644]
Time1:
[1, 44, 60, 329, 495, 599, 600]
[63, 495]
Time1:
[14, 887]
[64, 203, 300, 403, 887]
Time1:
[65, 132, 221]
[65, 184]
Time1:
[66, 340]
[66, 125, 179, 493]
Time1:
[23, 281, 423, 766]
[67, 72, 423, 453, 463, 593, 685]
Time1:
[148, 829]
[68, 148]
Time1:
[24, 69, 487, 730]
[69, 758]
Time1:
[124, 839]
[70, 124, 318, 839, 848]
Time1:
[71, 167, 170, 233, 358, 690, 709]
[71, 838]
Time1:
[73, 236, 898]
[73, 241, 586]
Time1:
[75, 348, 391, 747]
[75, 293, 458, 531, 643, 870]
Time1:
[78, 385, 388, 846, 880]
[78, 190, 825]
Time1:
[80, 870, 878]
[80, 109, 349, 536]
Time1:
[52, 81]
[81, 134]
Time1:
[49, 247, 285, 330]
[84, 330, 336]
Time1:
[20, 86]
[86, 209, 597]
Time1:
[87, 576, 779]
[87, 444, 639]
Time1:
[87, 576, 779]
[88, 120, 569, 670, 779]
Time1:
[89, 752]
[89, 392, 498, 806]
Time1:
[90, 240, 253]
[90, 529, 867]
Time1:
[91, 158, 435, 867]
[91, 514, 871]
Time1:
[71, 167, 170, 233, 358, 690, 709]
[93, 233]
Time1:
[164, 320, 508, 516]
[94, 164, 320, 508]
Time1:
[76, 97, 485, 812]
[97, 141]
Time1:
[99, 182, 592, 613, 673]
[99, 743]
Time1:
[100, 289, 746, 749, 850]
[100, 208, 288, 289, 773, 815]
Time1:
[101, 432]
[101, 298, 338, 774]
Time1:
[102, 206, 209]
[102, 185, 859]
Time1:
[104, 851]
[104, 332, 851]
Time1:
[75, 348, 391, 747]
[105, 449, 747]
Time1:
[106, 764, 891]
[106, 703, 891]
Time1:
[108, 760, 822]
[108, 760, 822]
Time1:
[46, 152, 166, 169, 174, 261, 356, 379, 414, 694, 714, 717, 751]
[113, 155, 751, 847]
Time1:
[72, 117, 249, 256, 437, 483, 637, 856]
[117, 394, 769, 844]
Time1:
[19, 59, 118, 430, 491]
[118, 708, 750]
Time1:
[119, 294, 482]
[119, 140, 811]
Time1:
[74, 591, 890]
[121, 424, 696, 890]
Time1:
[123, 264, 274]
[123, 287]
Time1:
[359, 415, 473, 575, 823]
[126, 359, 823]
Time1:
[94, 127]
[127, 842]
Time1:
[129, 601]
[129, 372, 601]
Time1:
[130, 189]
[130, 213, 574, 711]
Time1:
[6, 131, 237, 452, 671, 716]
[131, 224]
Time1:
[65, 132, 221]
[132, 416, 782]
Time1:
[57, 135, 292, 456, 572, 598, 837]
[135, 339, 560, 882, 896]
Time1:
[136, 544]
[136, 319, 473]
Time1:
[78, 385, 388, 846, 880]
[137, 147, 223, 230, 262, 304, 388, 736, 764]
Time1:
[45, 115, 296, 481, 615]
[138, 205, 615]
Time1:
[147, 431, 589, 689]
[139, 431, 744]
Time1:
[51, 748, 830]
[142, 784, 830]
Time1:
[49, 247, 285, 330]
[144, 247, 290, 680, 763, 837, 885]
Time1:
[27, 150, 196, 375, 474, 625]
[150, 375]
Time1:
[153, 835]
[153, 594, 698, 835]
Time1:
[154, 486, 643, 705]
[154, 196, 656, 705, 810]
Time1:
[235, 608]
[156, 235, 608, 856]
Time1:
[4, 30, 367, 443, 620, 667, 669, 864, 888]
[157, 367]
Time1:
[46, 152, 166, 169, 174, 261, 356, 379, 414, 694, 714, 717, 751]
[158, 299, 315, 360, 501, 537, 572, 694]
Time1:
[159, 842]
[159, 374, 478]
Time1:
[354, 721, 734]
[160, 229, 256, 263, 435, 436, 721, 734, 796]
Time1:
[354, 721, 734]
[161]
Time1:
[32, 824]
[162, 165, 604, 824, 850]
Time1:
[173, 227, 640, 763, 862]
[163, 173, 442, 765]
Time1:
[46, 152, 166, 169, 174, 261, 356, 379, 414, 694, 714, 717, 751]
[166, 389, 393, 812]
Time1:
[164, 320, 508, 516]
[168, 516, 807]
Time1:
[171, 268, 310, 322, 445]
[171, 445, 688, 853]
Time1:
[84, 549, 555, 790]
[172, 228, 243, 415, 549]
Time1:
[6, 131, 237, 452, 671, 716]
[176, 231, 452]
Time1:
[93, 286, 518, 742, 783, 836]
[178, 518, 542, 742]
Time1:
[38, 180, 187]
[180, 386]
Time1:
[232, 250, 318, 343, 389, 713]
[183, 250, 713]
Time1:
[37, 242, 728, 833]
[191, 242, 365, 691, 821, 833]
Time1:
[114, 121, 421]
[194, 421]
Time1:
[4, 30, 367, 443, 620, 667, 669, 864, 888]
[195, 303, 683, 855, 864]
Time1:
[197, 267, 362]
[197, 678]
Time1:
[109, 198, 704]
[198, 704]
Time1:
[188, 219]
[199, 219]
Time1:
[4, 30, 367, 443, 620, 667, 669, 864, 888]
[200, 395, 443, 455, 460, 563, 766, 827]
Time1:
[75, 348, 391, 747]
[201, 348, 370, 613, 813]
Time1:
[102, 206, 209]
[206, 739]
Time1:
[214, 499, 832]
[214, 306, 499, 532]
Time1:
[65, 132, 221]
[221, 382, 733]
Time1:
[122, 411, 538, 792]
[222, 411, 433]
Time1:
[134, 177, 224, 226, 503, 611, 631]
[226, 795, 881]
Time1:
[42, 280, 504, 520]
[227, 280, 291, 496, 693]
Time1:
[234, 789]
[234, 566, 789]
Time1:
[73, 236, 898]
[236, 308, 527, 720, 898]
Time1:
[211, 239, 417, 668, 849]
[239, 534, 857]
Time1:
[33, 269, 313]
[240, 269]
Time1:
[208, 244, 381, 545, 587, 838]
[244, 506]
Time1:
[245, 677]
[245, 677]
Time1:
[72, 117, 249, 256, 437, 483, 637, 856]
[249, 719]
Time1:
[90, 240, 253]
[253, 361]
Time1:
[84, 549, 555, 790]
[257, 555]
Time1:
[258, 346, 644]
[258, 480]
Time1:
[3, 156, 723]
[260, 575, 723]
Time1:
[46, 152, 166, 169, 174, 261, 356, 379, 414, 694, 714, 717, 751]
[261, 270, 409, 543, 547, 717, 746]
Time1:
[123, 264, 274]
[264, 777]
Time1:
[50, 632, 840]
[265, 632]
Time1:
[157, 559, 623]
[266, 451, 623]
Time1:
[89, 752]
[267, 570, 752, 788]
Time1:
[211, 239, 417, 668, 849]
[268, 417, 630, 668, 702]
Time1:
[383, 869]
[271, 383, 412, 587, 756, 786, 869]
Time1:
[123, 264, 274]
[274, 335, 546, 802, 884]
Time1:
[92, 333, 378, 686, 707, 778]
[276, 778]
Time1:
[277, 321, 447]
[277, 447]
Time1:
[279, 428, 711]
[279, 428]
Time1:
[23, 281, 423, 766]
[281, 631, 690]
Time1:
[34, 282]
[282, 366, 805]
Time1:
[49, 247, 285, 330]
[285, 426, 512, 755]
Time1:
[119, 294, 482]
[294, 380, 513, 801]
Time1:
[295, 776]
[295, 676]
Time1:
[8, 412, 490]
[296, 490, 519, 538]
Time1:
[105, 272, 863]
[301, 554, 863]
Time1:
[148, 829]
[302, 800, 829]
Time1:
[70, 558]
[307, 466, 558]
Time1:
[354, 721, 734]
[309, 354]
Time1:
[33, 269, 313]
[313, 492, 754]
Time1:
[55, 203, 314, 718]
[314, 524, 772]
Time1:
[325, 479, 877]
[325, 327, 899]
Time1:
[79, 446, 588]
[326, 446, 638]
Time1:
[1, 44, 60, 329, 495, 599, 600]
[329, 494]
Time1:
[42, 280, 504, 520]
[333, 504, 505, 797]
Time1:
[42, 280, 504, 520]
[337, 465]
Time1:
[64, 737]
[340, 735, 737]
Time1:
[136, 544]
[341, 479, 544, 633]
Time1:
[258, 346, 644]
[346, 854]
Time1:
[347, 556]
[347, 831]
Time1:
[355, 420]
[355, 420]
Time1:
[295, 776]
[357, 438, 568, 776]
Time1:
[184, 217, 338, 387, 512, 583, 687, 702, 733, 750, 883]
[362, 387]
Time1:
[51, 748, 830]
[369, 748]
Time1:
[283, 390, 731, 884]
[371, 390]
Time1:
[31, 238, 720, 868]
[376, 565, 868]
Time1:
[92, 333, 378, 686, 707, 778]
[378, 686]
Time1:
[157, 559, 623]
[381, 559]
Time1:
[222, 273, 384, 434, 507]
[384, 701]
Time1:
[405, 590, 732]
[405, 590, 757]
Time1:
[46, 152, 166, 169, 174, 261, 356, 379, 414, 694, 714, 717, 751]
[414, 889]
Time1:
[229, 418]
[418, 515]
Time1:
[19, 59, 118, 430, 491]
[427, 491, 528, 697, 783]
Time1:
[95, 429]
[429, 852]
Time1:
[101, 432]
[432, 679]
Time1:
[222, 273, 384, 434, 507]
[434, 767]
Time1:
[448, 450]
[448, 450, 459, 675, 818]
Time1:
[405, 590, 732]
[454, 732]
Time1:
[184, 217, 338, 387, 512, 583, 687, 702, 733, 750, 883]
[457, 883]
Time1:
[347, 556]
[472, 556]
Time1:
[111, 422, 477, 616]
[477, 634]
Time1:
[216, 497, 791, 874]
[497, 861]
Time1:
[134, 177, 224, 226, 503, 611, 631]
[502, 611, 628]
Time1:
[36, 351, 700, 895]
[503, 700]
Time1:
[6, 131, 237, 452, 671, 716]
[509, 545, 671]
Time1:
[201, 517]
[517, 564]
Time1:
[251, 582, 645, 853]
[521, 645]
Time1:
[463, 526, 688, 843, 886]
[526, 715, 886]
Time1:
[530, 816]
[530, 699, 799]
Time1:
[501, 580, 639]
[539, 580, 876]
Time1:
[99, 182, 592, 613, 673]
[540, 592, 874]
Time1:
[173, 227, 640, 763, 862]
[551, 640]
Time1:
[557, 770]
[557, 770]
Time1:
[87, 576, 779]
[576, 596, 672, 771, 808]
Time1:
[147, 431, 589, 689]
[581, 689]
Time1:
[36, 351, 700, 895]
[582, 895]
Time1:
[82, 364, 585, 712]
[585, 635]
Time1:
[74, 591, 890]
[588, 591]
Time1:
[147, 431, 589, 689]
[589, 873]
Time1:
[595, 831]
[595, 803]
Time1:
[57, 135, 292, 456, 572, 598, 837]
[598, 621, 749]
Time1:
[617, 672, 674, 893]
[605, 674]
Time1:
[463, 526, 688, 843, 886]
[614, 843]
Time1:
[78, 385, 388, 846, 880]
[617, 846]
Time1:
[13, 467, 618, 757]
[618, 718]
Time1:
[4, 30, 367, 443, 620, 667, 669, 864, 888]
[620, 888]
Time1:
[276, 436, 781]
[626, 781]
Time1:
[99, 182, 592, 613, 673]
[627, 673]
Time1:
[71, 167, 170, 233, 358, 690, 709]
[636, 709]
Time1:
[184, 217, 338, 387, 512, 583, 687, 702, 733, 750, 883]
[687, 872]
Time1:
[39, 692, 785, 894]
[692, 785]
Time1:
[25, 40, 210, 317, 345, 722, 858]
[695, 858, 860]
Time1:
[116, 469, 710, 727]
[710, 727]
Time1:
[724, 861]
[724, 834]
Time1:
[35, 745]
[745, 878]
Time1:
[18, 897]
[753, 897]
Time1:
[214, 499, 832]
[768, 775, 832]
Time1:
[216, 497, 791, 874]
[791, 819]
Time2:
[1, 741]
[1, 741]
Time2:
[2, 128, 619]
[2, 384]
Time2:
[3, 283, 548, 662, 667]
[3, 490, 662]
Time2:
[4, 60, 600, 669, 798]
[4, 44, 60, 127, 179, 206, 415, 502, 592, 600, 632, 875, 880]
Time2:
[6, 47, 729]
[6, 285, 546, 788]
Time2:
[7, 578, 780]
[7, 200, 368, 578, 831, 881]
Time2:
[8, 103, 122, 716, 759]
[8, 90, 522, 749]
Time2:
[9, 52, 107, 251, 259, 726]
[9, 133, 543, 627, 876]
Time2:
[239, 534, 857]
[12, 229, 239, 423, 547, 857]
Time2:
[14, 22, 29, 186, 328, 484, 606]
[14, 104, 472, 676, 701, 821, 842]
Time2:
[18, 204, 238]
[18, 523, 708, 867]
Time2:
[19, 616, 706, 787]
[19, 198, 787]
Time2:
[9, 52, 107, 251, 259, 726]
[28, 52, 100, 328, 832]
Time2:
[14, 22, 29, 186, 328, 484, 606]
[29, 157, 187, 443]
Time2:
[11, 15, 30, 50, 207, 272, 439, 684, 826]
[30, 126, 512, 812, 897]
Time2:
[31, 345, 622, 828]
[31, 214, 345, 622, 623, 858]
Time2:
[17, 83, 487, 681, 730]
[33, 83]
Time2:
[36, 351]
[36, 631]
Time2:
[65, 184]
[38, 65, 184, 221, 283, 544]
Time2:
[39, 77, 248, 323, 356, 437]
[39, 77, 78, 369, 371, 596]
Time2:
[26, 40, 278, 464]
[40, 169, 324, 525, 802]
Time2:
[43, 350, 419, 725]
[43, 350]
Time2:
[45, 237, 252, 486, 561, 602, 762]
[45, 398]
Time2:
[7, 578, 780]
[46, 780]
Time2:
[6, 47, 729]
[47, 69, 729]
Time2:
[48, 96, 202, 712, 731, 790]
[48, 395, 790]
Time2:
[49, 98, 567]
[49, 63]
Time2:
[11, 15, 30, 50, 207, 272, 439, 684, 826]
[50, 154]
Time2:
[142, 784, 830]
[51, 564, 748, 784, 830]
Time2:
[355, 420]
[53, 355, 420]
Time2:
[54, 682, 865]
[54, 117, 401, 481]
Time2:
[55, 522]
[55, 862]
Time2:
[56, 85, 331, 541]
[56, 94]
Time2:
[57, 292]
[57, 292]
Time2:
[58, 862]
[58, 396, 829]
Time2:
[59, 193, 284, 740]
[59, 227, 329]
Time2:
[135, 339, 560, 882, 896]
[61, 128, 457, 517, 560, 791, 848, 852, 896]
Time2:
[36, 351]
[62, 72, 183, 297, 351, 892]
Time2:
[64, 203, 300, 403, 887]
[64, 887]
Time2:
[66, 125, 179, 493]
[66, 288, 493, 603]
Time2:
[56, 85, 331, 541]
[68, 85]
Time2:
[10, 181, 391, 562, 809]
[70, 129, 348, 391, 399, 562]
Time2:
[71, 838]
[71, 86, 102, 869]
Time2:
[73, 241, 586]
[73, 241]
Time2:
[18, 204, 238]
[75, 238, 737]
Time2:
[49, 98, 567]
[81, 567, 645, 757]
Time2:
[67, 72, 423, 453, 463, 593, 685]
[82, 91, 424, 444, 463, 542]
Time2:
[84, 330, 336]
[84, 245, 336]
Time2:
[5, 373]
[92, 192, 373]
Time2:
[9, 52, 107, 251, 259, 726]
[93, 120, 123, 251, 703]
Time2:
[595, 803]
[96, 595, 602, 732, 803]
Time2:
[97, 141]
[97, 359]
Time2:
[49, 98, 567]
[98, 397, 655, 853]
Time2:
[138, 205, 615]
[99, 205, 615]
Time2:
[16, 149, 352, 641, 728, 879]
[101, 432, 728]
Time2:
[105, 449, 747]
[105, 194, 763]
Time2:
[106, 703, 891]
[106, 197, 891]
Time2:
[9, 52, 107, 251, 259, 726]
[107, 375, 590, 609]
Time2:
[108, 760, 822]
[108, 132, 382, 617]
Time2:
[119, 140, 811]
[119, 811]
Time2:
[121, 424, 696, 890]
[121, 226]
Time2:
[70, 124, 318, 839, 848]
[124, 318, 839]
Time2:
[34, 353, 379, 523, 629]
[130, 379]
Time2:
[19, 616, 706, 787]
[134, 593, 616]
Time2:
[117, 394, 769, 844]
[135, 673, 744, 844]
Time2:
[53, 152, 624]
[137, 624, 817, 851]
Time2:
[86, 209, 597]
[141, 178, 295, 539, 545, 597]
Time2:
[142, 784, 830]
[142, 874]
Time2:
[180, 386]
[143, 333, 386]
Time2:
[43, 350, 419, 725]
[145, 146, 387, 725, 745]
Time2:
[14, 22, 29, 186, 328, 484, 606]
[149, 186, 233, 261, 414, 709, 739, 890]
Time2:
[38, 175, 187, 220, 483, 511, 535, 625, 637, 714, 875, 892]
[150, 625]
Time2:
[195, 303, 683, 855, 864]
[151, 188, 855]
Time2:
[53, 152, 624]
[152, 492]
Time2:
[153, 594, 698, 835]
[153, 435, 571, 698]
Time2:
[3, 283, 548, 662, 667]
[156, 548]
Time2:
[94, 164, 320, 508]
[164, 320]
Time2:
[172, 228, 243, 415, 549]
[172, 243, 431, 549, 695]
Time2:
[163, 173, 442, 765]
[173, 671]
Time2:
[271, 383, 412, 587, 756, 786, 869]
[180, 234, 388, 412, 637, 727, 786]
Time2:
[10, 181, 391, 562, 809]
[181, 372, 635]
Time2:
[28, 182, 254]
[182, 284, 752]
Time2:
[102, 185, 859]
[185, 494, 736]
Time2:
[78, 190, 825]
[190, 389, 582, 735, 822]
Time2:
[59, 193, 284, 740]
[193, 518, 559]
Time2:
[154, 196, 656, 705, 810]
[196, 308, 434, 705, 751, 760, 859]
Time2:
[448, 450, 459, 675, 818]
[202, 419, 448, 450]
Time2:
[236, 308, 527, 720, 898]
[209, 236, 753, 898]
Time2:
[32, 216, 738]
[216, 438, 738]
Time2:
[39, 77, 248, 323, 356, 437]
[219, 323, 872]
Time2:
[38, 175, 187, 220, 483, 511, 535, 625, 637, 714, 875, 892]
[220, 699, 747]
Time2:
[222, 411, 433]
[222, 533]
Time2:
[131, 224]
[224, 367]
Time2:
[418, 515]
[230, 244, 418, 515, 809, 838]
Time2:
[176, 231, 452]
[231, 452]
Time2:
[45, 237, 252, 486, 561, 602, 762]
[237, 252]
Time2:
[240, 269]
[240, 270, 274, 775]
Time2:
[63, 495]
[242, 260, 337, 400, 447, 480, 495, 710]
Time2:
[144, 247, 290, 680, 763, 837, 885]
[247, 290]
Time2:
[39, 77, 248, 323, 356, 437]
[248, 541, 719]
Time2:
[99, 743]
[249, 743]
Time2:
[346, 854]
[250, 346, 521, 854]
Time2:
[46, 133, 255, 552]
[255, 365, 776]
Time2:
[257, 555]
[257, 341, 479, 555, 827]
Time2:
[37, 422, 880]
[258, 422]
Time2:
[9, 52, 107, 251, 259, 726]
[259, 724]
Time2:
[264, 777]
[264, 293, 538, 677, 777, 865]
Time2:
[9, 52, 107, 251, 259, 726]
[265, 321, 393, 585, 636, 726, 734, 789, 870, 878]
Time2:
[19, 616, 706, 787]
[268, 706]
Time2:
[276, 778]
[276, 497, 778]
Time2:
[17, 83, 487, 681, 730]
[278, 516, 730, 823]
Time2:
[183, 250, 713]
[279, 713]
Time2:
[227, 280, 291, 496, 693]
[280, 504]
Time2:
[281, 631, 690]
[281, 690]
Time2:
[282, 366, 805]
[282, 366, 805]
Time2:
[2, 128, 619]
[287, 357, 483, 619, 630, 633]
Time2:
[101, 298, 338, 774]
[294, 298]
Time2:
[89, 392, 498, 806]
[296, 489, 498]
Time2:
[557, 770]
[307, 557, 770]
Time2:
[194, 421]
[313, 421]
Time2:
[39, 77, 248, 323, 356, 437]
[319, 405, 437]
Time2:
[13, 192, 322, 363, 385, 836, 894]
[322, 363, 767]
Time2:
[326, 446, 638]
[326, 446]
Time2:
[347, 831]
[347, 556]
Time2:
[80, 109, 349, 536]
[349, 895]
Time2:
[201, 348, 370, 613, 813]
[356, 370, 594, 613, 813, 816, 834]
Time2:
[158, 299, 315, 360, 501, 537, 572, 694]
[360, 485, 572, 794]
Time2:
[35, 305, 425, 507, 510, 804]
[362, 460, 510]
Time2:
[227, 280, 291, 496, 693]
[376, 496]
Time2:
[89, 392, 498, 806]
[378, 392, 644, 686, 806]
Time2:
[35, 305, 425, 507, 510, 804]
[383, 507]
Time2:
[333, 504, 505, 797]
[390, 797]
Time2:
[117, 394, 769, 844]
[394, 733, 782]
Time2:
[91, 514, 871]
[417, 871]
Time2:
[178, 518, 542, 742]
[428, 742, 883]
Time2:
[156, 235, 608, 856]
[429, 433, 442, 618, 766, 856]
Time2:
[171, 445, 688, 853]
[445, 756]
Time2:
[326, 446, 638]
[476, 477, 638, 846]
Time2:
[589, 873]
[482, 589, 873]
Time2:
[14, 22, 29, 186, 328, 484, 606]
[484, 634]
Time2:
[427, 491, 528, 697, 783]
[491, 783]
Time2:
[158, 299, 315, 360, 501, 537, 572, 694]
[501, 580]
Time2:
[301, 554, 863]
[509, 554, 863]
Time2:
[526, 715, 886]
[526, 843]
Time2:
[90, 529, 867]
[529]
Time2:
[78, 190, 825]
[530, 540, 825]
Time2:
[45, 237, 252, 486, 561, 602, 762]
[531, 762]
Time2:
[8, 103, 122, 716, 759]
[558, 759, 861]
Time2:
[130, 213, 574, 711]
[574, 691]
Time2:
[33, 579]
[579, 598]
Time2:
[129, 372, 601]
[601, 868]
Time2:
[502, 611, 628]
[628, 672]
Time2:
[16, 149, 352, 641, 728, 879]
[641, 654]
Time2:
[75, 293, 458, 531, 643, 870]
[643, 833]
Time3:
[1, 741]
[1, 741]
Time3:
[2, 384]
[2, 47, 198]
Time3:
[3, 490, 662]
[3, 68, 558]
Time3:
[93, 120, 123, 251, 703]
[4, 93, 101, 107, 123, 249, 251, 349, 597, 863]
Time3:
[6, 285, 546, 788]
[6, 690, 709, 776]
Time3:
[319, 405, 437]
[8, 244, 258, 319, 405]
Time3:
[265, 321, 393, 585, 636, 726, 734, 789, 870, 878]
[9, 152, 636, 726, 854]
Time3:
[12, 229, 239, 423, 547, 857]
[12, 205, 229]
Time3:
[18, 523, 708, 867]
[18, 897]
Time3:
[19, 198, 787]
[19, 43, 135, 442]
Time3:
[31, 214, 345, 622, 623, 858]
[31, 858]
Time3:
[33, 83]
[33, 83, 355]
Time3:
[39, 77, 78, 369, 371, 596]
[35, 369]
Time3:
[36, 631]
[36, 173, 307, 376, 595]
Time3:
[39, 77, 78, 369, 371, 596]
[39, 77, 78, 248, 543, 548, 632]
Time3:
[9, 133, 543, 627, 876]
[40, 96, 400, 627, 891]
Time3:
[484, 634]
[42, 484]
Time3:
[45, 398]
[45, 268]
Time3:
[30, 126, 512, 812, 897]
[46, 126, 185, 231]
Time3:
[48, 395, 790]
[48, 105, 559, 579]
Time3:
[49, 63]
[49, 94, 106, 733]
Time3:
[50, 154]
[50, 154]
Time3:
[28, 52, 100, 328, 832]
[52, 382, 434, 451]
Time3:
[53, 355, 420]
[53, 183, 346, 735]
Time3:
[643, 833]
[54, 643, 833]
Time3:
[55, 862]
[55, 56, 284]
Time3:
[28, 52, 100, 328, 832]
[58, 100, 832]
Time3:
[59, 227, 329]
[59, 227, 329, 447, 495, 600]
Time3:
[4, 44, 60, 127, 179, 206, 415, 502, 592, 600, 632, 875, 880]
[60, 752, 788, 843]
Time3:
[45, 398]
[62, 398, 437, 650]
Time3:
[64, 887]
[64, 276, 391, 445, 496, 530, 679]
Time3:
[70, 129, 348, 391, 399, 562]
[70, 197, 362, 634, 767, 872]
Time3:
[265, 321, 393, 585, 636, 726, 734, 789, 870, 878]
[72, 265, 293, 390, 423, 497, 531, 557, 870, 878]
Time3:
[81, 567, 645, 757]
[81, 406, 871]
Time3:
[14, 104, 472, 676, 701, 821, 842]
[84, 673, 676]
Time3:
[71, 86, 102, 869]
[86, 230, 367, 686]
Time3:
[8, 90, 522, 749]
[90, 488, 867]
Time3:
[180, 234, 388, 412, 637, 727, 786]
[91, 92, 234, 727]
Time3:
[4, 44, 60, 127, 179, 206, 415, 502, 592, 600, 632, 875, 880]
[97, 592]
Time3:
[99, 205, 615]
[99, 164, 188]
Time3:
[71, 86, 102, 869]
[102, 789]
Time3:
[54, 117, 401, 481]
[117, 161]
Time3:
[119, 811]
[119, 517, 811]
Time3:
[190, 389, 582, 735, 822]
[124, 389, 822]
Time3:
[70, 129, 348, 391, 399, 562]
[129, 601]
Time3:
[224, 367]
[131, 224]
Time3:
[9, 133, 543, 627, 876]
[133, 883]
Time3:
[12, 229, 239, 423, 547, 857]
[134, 857]
Time3:
[141, 178, 295, 539, 545, 597]
[141, 178, 295, 387, 613]
Time3:
[142, 874]
[142, 216, 874]
Time3:
[153, 435, 571, 698]
[153, 498, 698, 744]
Time3:
[29, 157, 187, 443]
[157, 239, 443]
Time3:
[4, 44, 60, 127, 179, 206, 415, 502, 592, 600, 632, 875, 880]
[179, 471, 480, 516, 740]
Time3:
[182, 284, 752]
[182, 489]
Time3:
[38, 65, 184, 221, 283, 544]
[184, 283, 379, 860]
Time3:
[14, 104, 472, 676, 701, 821, 842]
[186, 624, 701]
Time3:
[29, 157, 187, 443]
[187, 315, 418, 644, 861]
Time3:
[92, 192, 373]
[192, 545, 834]
Time3:
[40, 169, 324, 525, 802]
[193, 706, 802]
Time3:
[322, 363, 767]
[194, 322, 363, 696, 700, 734, 778]
Time3:
[196, 308, 434, 705, 751, 760, 859]
[196, 705, 751]
Time3:
[4, 44, 60, 127, 179, 206, 415, 502, 592, 600, 632, 875, 880]
[201, 206]
Time3:
[220, 699, 747]
[220, 499]
Time3:
[38, 65, 184, 221, 283, 544]
[221, 360, 515, 518, 540, 738, 844]
Time3:
[222, 533]
[222, 383]
Time3:
[4, 44, 60, 127, 179, 206, 415, 502, 592, 600, 632, 875, 880]
[228, 415]
Time3:
[31, 214, 345, 622, 623, 858]
[235, 345, 388, 394, 525, 725]
Time3:
[209, 236, 753, 898]
[236, 720, 898]
Time3:
[47, 69, 729]
[238, 308, 647, 729]
Time3:
[4, 44, 60, 127, 179, 206, 415, 502, 592, 600, 632, 875, 880]
[240, 803, 875]
Time3:
[73, 241]
[241, 432]
Time3:
[491, 783]
[242, 491, 783, 865]
Time3:
[64, 887]
[243, 887]
Time3:
[70, 129, 348, 391, 399, 562]
[247, 562, 721, 763]
Time3:
[4, 44, 60, 127, 179, 206, 415, 502, 592, 600, 632, 875, 880]
[250, 502, 544]
Time3:
[51, 564, 748, 784, 830]
[252, 270, 323, 395, 431, 433, 444, 521, 523, 589, 596, 748, 760, 766, 784, 830]
Time3:
[9, 133, 543, 627, 876]
[255, 598, 876]
Time3:
[257, 341, 479, 555, 827]
[257, 555]
Time3:
[18, 523, 708, 867]
[259, 708]
Time3:
[242, 260, 337, 400, 447, 480, 495, 710]
[260, 337]
Time3:
[149, 186, 233, 261, 414, 709, 739, 890]
[261, 671]
Time3:
[264, 293, 538, 677, 777, 865]
[264, 541, 777]
Time3:
[240, 270, 274, 775]
[274, 353, 775, 786]
Time3:
[58, 396, 829]
[279, 428, 829]
Time3:
[282, 366, 805]
[282, 501, 580, 805]
Time3:
[6, 285, 546, 788]
[285, 296, 512, 546]
Time3:
[287, 357, 483, 619, 630, 633]
[287, 357, 633]
Time3:
[66, 288, 493, 603]
[288, 653, 825, 855]
Time3:
[247, 290]
[290, 393, 477]
Time3:
[482, 589, 873]
[292, 482, 873]
Time3:
[62, 72, 183, 297, 351, 892]
[297, 602]
Time3:
[164, 320]
[320, 510]
Time3:
[326, 446]
[326, 446, 588]
Time3:
[53, 355, 420]
[333, 420]
Time3:
[75, 238, 737]
[336, 737, 868]
Time3:
[347, 556]
[347, 556]
Time3:
[356, 370, 594, 613, 813, 816, 834]
[370, 813]
Time3:
[39, 77, 78, 369, 371, 596]
[371, 493, 573]
Time3:
[92, 192, 373]
[373, 742]
Time3:
[107, 375, 590, 609]
[375]
Time3:
[2, 384]
[384, 507]
Time3:
[143, 333, 386]
[386, 797]
Time3:
[71, 86, 102, 869]
[392, 869]
Time3:
[287, 357, 483, 619, 630, 633]
[417, 630]
Time3:
[476, 477, 638, 846]
[421, 476, 617, 638, 846]
Time3:
[93, 120, 123, 251, 703]
[422, 594, 703]
Time3:
[8, 90, 522, 749]
[424, 522]
Time3:
[152, 492]
[435, 492, 646]
Time3:
[202, 419, 448, 450]
[448, 450]
Time3:
[278, 516, 730, 823]
[478, 730]
Time3:
[257, 341, 479, 555, 827]
[479, 550, 641]
Time3:
[81, 567, 645, 757]
[494, 757]
Time3:
[48, 395, 790]
[529, 790]
Time3:
[3, 490, 662]
[538, 662, 743, 745]
Time3:
[141, 178, 295, 539, 545, 597]
[539, 759, 806]
Time3:
[172, 243, 431, 549, 695]
[549, 695]
Time3:
[360, 485, 572, 794]
[572, 618]
Time3:
[7, 200, 368, 578, 831, 881]
[578, 881]
Time3:
[149, 186, 233, 261, 414, 709, 739, 890]
[585, 739, 762]
Time3:
[98, 397, 655, 853]
[593, 616, 637, 655, 853, 856]
Time3:
[81, 567, 645, 757]
[619, 645, 895]
Time3:
[628, 672]
[628, 672]
Time3:
[19, 198, 787]
[652, 787]
Time3:
[209, 236, 753, 898]
[713, 753]
Time3:
[394, 733, 782]
[782, 800]
Time4:
[1, 741]
[1, 357, 447, 741]
Time4:
[2, 47, 198]
[2, 47, 69, 157, 384, 410, 450, 743]
Time4:
[3, 68, 558]
[3, 68, 244, 283]
Time4:
[4, 93, 101, 107, 123, 249, 251, 349, 597, 863]
[4, 492, 593, 631, 805]
Time4:
[422, 594, 703]
[5, 594]
Time4:
[285, 296, 512, 546]
[6, 106, 281, 285, 296]
Time4:
[90, 488, 867]
[8, 90, 490, 749, 867]
Time4:
[4, 93, 101, 107, 123, 249, 251, 349, 597, 863]
[9, 224, 251, 349, 597]
Time4:
[99, 164, 188]
[12, 99, 188, 486, 489]
Time4:
[18, 897]
[18, 843, 897]
Time4:
[6, 690, 709, 776]
[28, 776]
Time4:
[31, 858]
[31, 733, 858]
Time4:
[46, 126, 185, 231]
[32, 46]
Time4:
[33, 83, 355]
[33, 83, 186]
Time4:
[36, 173, 307, 376, 595]
[36, 351, 501]
Time4:
[39, 77, 78, 248, 543, 548, 632]
[39, 156, 206, 630]
Time4:
[538, 662, 743, 745]
[40, 264, 519, 538, 559, 662, 745]
Time4:
[19, 43, 135, 442]
[43, 350]
Time4:
[45, 268]
[45, 49, 695]
Time4:
[48, 105, 559, 579]
[48, 522]
Time4:
[50, 154]
[50, 360, 444]
Time4:
[35, 369]
[51, 369, 542, 546, 713, 748, 804]
Time4:
[52, 382, 434, 451]
[52, 64]
Time4:
[53, 183, 346, 735]
[53, 881]
Time4:
[55, 56, 284]
[55, 56, 282, 284, 431, 615, 705, 751, 787]
Time4:
[59, 227, 329, 447, 495, 600]
[59, 757]
Time4:
[60, 752, 788, 843]
[60, 752, 788]
Time4:
[62, 398, 437, 650]
[62, 86, 102, 388, 488, 644, 896]
Time4:
[72, 265, 293, 390, 423, 497, 531, 557, 870, 878]
[65, 221, 293]
Time4:
[141, 178, 295, 387, 613]
[70, 141, 178, 390, 545, 759]
Time4:
[392, 869]
[71, 345, 392, 869]
Time4:
[9, 152, 636, 726, 854]
[80, 152]
Time4:
[39, 77, 78, 248, 543, 548, 632]
[81, 179, 400, 543, 727]
Time4:
[84, 673, 676]
[84, 336, 582, 673, 676]
Time4:
[91, 92, 234, 727]
[91, 424, 477, 510, 540]
Time4:
[4, 93, 101, 107, 123, 249, 251, 349, 597, 863]
[92, 249, 707]
Time4:
[4, 93, 101, 107, 123, 249, 251, 349, 597, 863]
[93, 373]
Time4:
[49, 94, 106, 733]
[94, 222, 250, 515]
Time4:
[40, 96, 400, 627, 891]
[96, 803]
Time4:
[97, 592]
[97, 372, 415, 592, 825]
Time4:
[153, 498, 698, 744]
[101, 134, 153, 297, 308, 448, 498, 674, 744]
Time4:
[33, 83, 355]
[104, 332, 355, 420, 493]
Time4:
[585, 739, 762]
[105, 421, 517, 585, 739]
Time4:
[4, 93, 101, 107, 123, 249, 251, 349, 597, 863]
[107, 260, 403, 609, 829]
Time4:
[119, 517, 811]
[119, 811]
Time4:
[4, 93, 101, 107, 123, 249, 251, 349, 597, 863]
[123, 766, 844]
Time4:
[72, 265, 293, 390, 423, 497, 531, 557, 870, 878]
[126, 133, 237, 265, 452, 531, 595, 777, 790]
Time4:
[6, 690, 709, 776]
[128, 324, 454, 690, 709, 738]
Time4:
[129, 601]
[129, 601]
Time4:
[64, 276, 391, 445, 496, 530, 679]
[131, 530, 626]
Time4:
[421, 476, 617, 638, 846]
[132, 617]
Time4:
[142, 216, 874]
[142, 216, 874]
Time4:
[572, 618]
[144, 618]
Time4:
[187, 315, 418, 644, 861]
[150, 187]
Time4:
[4, 93, 101, 107, 123, 249, 251, 349, 597, 863]
[154, 391, 557, 696, 747, 863]
Time4:
[59, 227, 329, 447, 495, 600]
[158, 227, 657]
Time4:
[99, 164, 188]
[164, 320, 323, 544]
Time4:
[549, 695]
[172, 549, 658]
Time4:
[36, 173, 307, 376, 595]
[173, 184, 346, 376]
Time4:
[187, 315, 418, 644, 861]
[175, 177, 290, 333, 418]
Time4:
[279, 428, 829]
[182, 183, 239, 279, 428, 496, 857]
Time4:
[124, 389, 822]
[190, 389, 453, 822]
Time4:
[196, 705, 751]
[196, 481]
Time4:
[70, 197, 362, 634, 767, 872]
[197, 356, 362, 634]
Time4:
[12, 205, 229]
[205, 229, 780, 871]
Time4:
[220, 499]
[220, 625]
Time4:
[42, 484]
[226, 408, 435, 484, 485, 660]
Time4:
[236, 720, 898]
[236, 753]
Time4:
[238, 308, 647, 729]
[238, 337, 651, 711, 737]
Time4:
[240, 803, 875]
[240, 274, 712]
Time4:
[241, 432]
[241, 432, 499, 782]
Time4:
[242, 491, 783, 865]
[242, 371, 377]
Time4:
[187, 315, 418, 644, 861]
[245, 294, 313, 315, 596, 598]
Time4:
[479, 550, 641]
[246, 641]
Time4:
[247, 562, 721, 763]
[247, 495, 763, 891]
Time4:
[255, 598, 876]
[255, 365, 876]
Time4:
[194, 322, 363, 696, 700, 734, 778]
[256, 363, 393, 451, 734, 812, 834]
Time4:
[39, 77, 78, 248, 543, 548, 632]
[257, 548]
Time4:
[8, 244, 258, 319, 405]
[258, 480]
Time4:
[259, 708]
[259, 433, 708, 730]
Time4:
[261, 671]
[261, 671]
Time4:
[52, 382, 434, 451]
[262, 395, 429, 434, 443, 479, 742]
Time4:
[45, 268]
[268, 437, 729]
Time4:
[72, 265, 293, 390, 423, 497, 531, 557, 870, 878]
[270, 422, 497, 706, 880]
Time4:
[64, 276, 391, 445, 496, 530, 679]
[276, 778]
Time4:
[235, 345, 388, 394, 525, 725]
[286, 394]
Time4:
[9, 152, 636, 726, 854]
[287, 854]
Time4:
[292, 482, 873]
[292, 298, 482, 589, 755, 873]
Time4:
[3, 68, 558]
[295, 521, 558, 853, 861, 895]
Time4:
[8, 244, 258, 319, 405]
[319, 588, 846]
Time4:
[326, 446, 588]
[326, 446]
Time4:
[347, 556]
[347, 556]
Time4:
[179, 471, 480, 516, 740]
[359, 516, 740]
Time4:
[86, 230, 367, 686]
[367, 686]
Time4:
[222, 383]
[383, 507]
Time4:
[386, 797]
[386, 754]
Time4:
[141, 178, 295, 387, 613]
[387, 404, 648, 785]
Time4:
[62, 398, 437, 650]
[398, 417, 541, 661, 719]
Time4:
[19, 43, 135, 442]
[406, 442, 622, 856]
Time4:
[572, 618]
[407, 552, 560, 572]
Time4:
[72, 265, 293, 390, 423, 497, 531, 557, 870, 878]
[413, 423]
Time4:
[421, 476, 617, 638, 846]
[440, 476]
Time4:
[54, 643, 833]
[445, 833]
Time4:
[257, 555]
[463, 555]
Time4:
[9, 152, 636, 726, 854]
[472, 636, 701]
Time4:
[336, 737, 868]
[478, 868]
Time4:
[242, 491, 783, 865]
[491, 783]
Time4:
[252, 270, 323, 395, 431, 433, 444, 521, 523, 589, 596, 748, 760, 766, 784, 830]
[523, 645]
Time4:
[235, 345, 388, 394, 525, 725]
[564, 573, 725, 830]
Time4:
[247, 562, 721, 763]
[578, 590, 721, 831]
Time4:
[133, 883]
[624, 851, 883]
Time4:
[72, 265, 293, 390, 423, 497, 531, 557, 870, 878]
[627, 789, 870, 878]
Time4:
[593, 616, 637, 655, 853, 856]
[637, 892]
Time4:
[370, 813]
[652, 703, 813]
Time4:
[370, 813]
[659, 732]
Time4:
[70, 197, 362, 634, 767, 872]
[736, 802, 872]
Time4:
[274, 353, 775, 786]
[775, 786]
Time5:
[2, 47, 69, 157, 384, 410, 450, 743]
[2, 384, 661]
Time5:
[3, 68, 244, 283]
[3, 8, 244, 490]
Time5:
[173, 184, 346, 376]
[4, 194, 198, 294, 346, 376, 395, 434, 451, 478, 501, 517, 649, 664, 734, 790, 854]
Time5:
[128, 324, 454, 690, 709, 738]
[6, 127, 292, 324, 592, 690, 709, 890]
Time5:
[9, 224, 251, 349, 597]
[9, 107, 177, 498, 725]
Time5:
[12, 99, 188, 486, 489]
[12, 99, 188, 486, 872]
Time5:
[6, 106, 281, 285, 296]
[14, 222, 296, 390, 446]
Time5:
[18, 843, 897]
[18, 84, 238, 240, 523, 673, 708, 762, 843]
Time5:
[39, 156, 206, 630]
[19, 39, 77, 78, 152, 156, 206, 226, 231, 242, 248, 329, 371, 373, 628, 632]
Time5:
[31, 733, 858]
[31, 733]
Time5:
[33, 83, 186]
[33, 97]
Time5:
[36, 351, 501]
[36, 280, 504, 567, 573]
Time5:
[9, 224, 251, 349, 597]
[40, 52, 55, 60, 93, 101, 123, 187, 249, 251, 270, 287, 435, 484, 512, 594, 597, 627, 636, 706, 757, 759, 782, 786, 839, 863]
Time5:
[62, 86, 102, 388, 488, 644, 896]
[45, 62, 183, 388, 875]
Time5:
[2, 47, 69, 157, 384, 410, 450, 743]
[47, 69, 356, 676, 729]
Time5:
[45, 49, 695]
[49, 418, 515]
Time5:
[50, 360, 444]
[50, 444]
Time5:
[3, 68, 244, 283]
[51, 184, 283, 387]
Time5:
[53, 881]
[53, 624, 793]
Time5:
[53, 881]
[58, 832]
Time5:
[53, 881]
[61, 494]
Time5:
[3, 68, 244, 283]
[68, 85, 174, 229, 402]
Time5:
[241, 432, 499, 782]
[73, 241, 586, 726]
Time5:
[126, 133, 237, 265, 452, 531, 595, 777, 790]
[75, 531, 874]
Time5:
[50, 360, 444]
[80, 360]
Time5:
[262, 395, 429, 434, 443, 479, 742]
[81, 182, 261, 479, 546, 742, 775, 883]
Time5:
[33, 83, 186]
[83, 186, 216, 739]
Time5:
[8, 90, 490, 749, 867]
[90, 274, 737, 867]
Time5:
[51, 369, 542, 546, 713, 748, 804]
[91, 92, 205, 542, 615, 727]
Time5:
[94, 222, 250, 515]
[94, 493, 686, 778]
Time5:
[1, 357, 447, 741]
[96, 336, 357]
Time5:
[62, 86, 102, 388, 488, 644, 896]
[102, 869]
Time5:
[2, 47, 69, 157, 384, 410, 450, 743]
[105, 225, 260, 579, 666, 730, 738, 743, 751]
Time5:
[6, 106, 281, 285, 296]
[106, 281, 711, 881]
Time5:
[119, 811]
[119, 181, 635, 672]
Time5:
[91, 424, 477, 510, 540]
[121, 421, 424, 780]
Time5:
[4, 492, 593, 631, 805]
[128, 268, 492, 776]
Time5:
[4, 492, 593, 631, 805]
[133, 134, 345, 541, 593, 637, 655, 853]
Time5:
[70, 141, 178, 390, 545, 759]
[141, 476, 477]
Time5:
[104, 332, 355, 420, 493]
[142, 197, 355, 420, 595, 732, 803, 830, 831]
Time5:
[150, 187]
[150, 625]
Time5:
[101, 134, 153, 297, 308, 448, 498, 674, 744]
[153, 221, 363, 428, 544, 744]
Time5:
[123, 766, 844]
[154, 641, 766, 844]
Time5:
[164, 320, 323, 544]
[164, 362, 895]
Time5:
[101, 134, 153, 297, 308, 448, 498, 674, 744]
[173, 243, 290, 308]
Time5:
[55, 56, 282, 284, 431, 615, 705, 751, 787]
[178, 419, 431, 518, 540]
Time5:
[81, 179, 400, 543, 727]
[179, 480]
Time5:
[478, 868]
[185, 868]
Time5:
[154, 391, 557, 696, 747, 863]
[204, 557, 871]
Time5:
[220, 625]
[220, 394]
Time5:
[295, 521, 558, 853, 861, 895]
[234, 295]
Time5:
[9, 224, 251, 349, 597]
[236, 250, 349, 391, 502, 521, 713]
Time5:
[182, 183, 239, 279, 428, 496, 857]
[239, 247, 319, 663, 736, 857]
Time5:
[245, 294, 313, 315, 596, 598]
[245, 445, 785]
Time5:
[245, 294, 313, 315, 596, 598]
[255, 598]
Time5:
[257, 548]
[257, 548, 555]
Time5:
[126, 133, 237, 265, 452, 531, 595, 777, 790]
[258, 264, 265, 293, 522, 735, 777]
Time5:
[55, 56, 282, 284, 431, 615, 705, 751, 787]
[282, 423, 705]
Time5:
[60, 752, 788]
[284, 481, 741, 752, 788, 893]
Time5:
[132, 617]
[310, 617]
Time5:
[578, 590, 721, 831]
[312, 590]
Time5:
[245, 294, 313, 315, 596, 598]
[313, 701]
Time5:
[62, 86, 102, 388, 488, 644, 896]
[318, 488, 558]
Time5:
[91, 424, 477, 510, 540]
[320, 510]
Time5:
[40, 264, 519, 538, 559, 662, 745]
[323, 400, 559]
Time5:
[40, 264, 519, 538, 559, 662, 745]
[370, 613]
Time5:
[18, 843, 897]
[383, 596, 753, 897]
Time5:
[107, 260, 403, 609, 829]
[386, 609]
Time5:
[190, 389, 453, 822]
[389, 392, 443, 822]
Time5:
[97, 372, 415, 592, 825]
[415, 634, 851]
Time5:
[383, 507]
[417, 507]
Time5:
[652, 703, 813]
[422, 433, 585, 652, 703]
Time5:
[268, 437, 729]
[437, 650]
Time5:
[406, 442, 622, 856]
[442, 856]
Time5:
[1, 357, 447, 741]
[447, 600]
Time5:
[2, 47, 69, 157, 384, 410, 450, 743]
[448, 450]
Time5:
[491, 783]
[491, 783]
Time5:
[247, 495, 763, 891]
[495, 560, 891]
Time5:
[255, 365, 876]
[527, 876]
Time5:
[40, 264, 519, 538, 559, 662, 745]
[538, 543, 545, 662, 745]
Time5:
[407, 552, 560, 572]
[572, 794]
Time5:
[292, 298, 482, 589, 755, 873]
[588, 873]
Time5:
[62, 86, 102, 388, 488, 644, 896]
[644, 861]
Time5:
[261, 671]
[665, 671]
Time5:
[627, 789, 870, 878]
[789, 870, 878]
Time5:
[31, 733, 858]
[833, 858]
