Time0:
Community0:
129           
[8, 9, 10, 11, 14, 15, 16, 17, 18, 20, 21, 22, 24, 25, 29, 32, 40, 41, 42, 43, 46, 47, 49, 58, 63, 64, 66, 76, 77, 78, 80, 83, 84, 86, 87, 93, 94, 103, 109, 127, 130, 134, 136, 148, 150, 151, 152, 153, 155, 157, 164, 165, 166, 167, 168, 169, 173, 174, 176, 177, 178, 179, 180, 185, 186, 187, 189, 192, 196, 197, 198, 199, 200, 209, 210, 216, 217, 218, 223, 225, 242, 243, 244, 247, 248, 249, 250, 251, 258, 262, 265, 269, 270, 275, 279, 280, 282, 283, 291, 292, 299, 300, 301, 320, 326, 330, 351, 358, 366, 380, 381, 384, 395, 411, 419, 429, 430, 437, 443, 451, 452, 453, 463, 464, 469, 473, 516, 520, 556]
Community1:
52           
[65, 71, 72, 106, 108, 121, 160, 172, 203, 205, 228, 233, 234, 289, 304, 321, 342, 343, 344, 371, 372, 375, 383, 391, 392, 403, 407, 412, 423, 431, 449, 454, 460, 461, 466, 476, 484, 486, 487, 488, 489, 490, 491, 492, 500, 504, 506, 507, 508, 510, 531, 550]
Community2:
46           
[36, 37, 55, 56, 57, 61, 85, 89, 105, 107, 110, 112, 113, 114, 124, 133, 135, 140, 147, 154, 156, 170, 171, 188, 214, 219, 222, 254, 285, 318, 340, 345, 346, 353, 361, 378, 396, 400, 401, 425, 428, 444, 445, 470, 518, 525]
Community3:
45           
[19, 23, 82, 99, 111, 118, 119, 120, 125, 126, 139, 142, 144, 149, 158, 193, 195, 215, 227, 238, 240, 264, 268, 302, 322, 331, 357, 365, 369, 370, 382, 399, 409, 420, 422, 446, 509, 512, 519, 532, 534, 536, 537, 538, 555]
Community4:
43           
[3, 4, 27, 28, 51, 68, 100, 101, 115, 132, 161, 162, 181, 183, 184, 190, 204, 208, 211, 213, 221, 246, 260, 267, 276, 277, 284, 287, 294, 298, 324, 329, 339, 362, 374, 404, 414, 415, 417, 448, 515, 528, 530]
Community5:
41           
[6, 7, 26, 50, 53, 54, 96, 122, 137, 138, 163, 212, 224, 231, 232, 252, 253, 274, 278, 303, 305, 306, 307, 335, 341, 350, 356, 376, 377, 386, 387, 388, 413, 416, 436, 438, 462, 479, 480, 481, 551]
Community6:
39           
[62, 128, 182, 194, 206, 207, 236, 239, 241, 266, 312, 334, 354, 359, 363, 364, 367, 368, 389, 394, 406, 441, 442, 456, 457, 465, 467, 474, 483, 493, 494, 499, 501, 517, 527, 539, 552, 553, 554]
Community7:
35           
[60, 88, 257, 263, 272, 273, 281, 297, 308, 310, 311, 315, 316, 317, 323, 332, 337, 352, 355, 373, 390, 398, 402, 405, 421, 435, 455, 458, 471, 472, 497, 503, 522, 540, 547]
Community8:
30           
[44, 45, 59, 69, 73, 74, 79, 90, 91, 92, 104, 116, 117, 129, 141, 226, 271, 290, 293, 295, 296, 379, 408, 418, 432, 450, 459, 511, 541, 544]
Community9:
29           
[70, 97, 98, 102, 319, 325, 327, 333, 336, 338, 348, 349, 385, 439, 440, 447, 482, 495, 498, 513, 514, 523, 524, 542, 543, 545, 546, 548, 549]
Community10:
26           
[12, 13, 48, 52, 81, 95, 143, 145, 175, 191, 201, 220, 235, 237, 245, 256, 259, 261, 314, 328, 347, 360, 410, 424, 485, 505]
Community11:
21           
[33, 34, 35, 38, 39, 67, 75, 202, 286, 288, 309, 313, 468, 475, 478, 496, 502, 521, 529, 533, 535]
Community12:
14           
[1, 2, 5, 30, 31, 123, 131, 146, 159, 255, 393, 397, 477, 526]
Community13:
2           
[229, 230]
Community14:
2           
[426, 427]
Community15:
2           
[433, 434]
Communities count: 16
Time1:
Community0:
156           
[32, 67, 69, 73, 74, 103, 119, 143, 175, 185, 201, 227, 237, 254, 272, 273, 274, 279, 281, 308, 311, 317, 326, 332, 333, 337, 340, 343, 344, 345, 350, 352, 358, 373, 377, 379, 403, 421, 430, 431, 442, 447, 462, 471, 503, 520, 544, 561, 605, 617, 640, 673, 675, 680, 688, 691, 701, 702, 704, 727, 734, 739, 742, 745, 755, 759, 769, 781, 799, 825, 839, 841, 847, 848, 853, 854, 860, 872, 874, 875, 881, 900, 901, 906, 915, 917, 919, 920, 929, 930, 938, 946, 947, 948, 957, 958, 959, 967, 973, 995, 1002, 1011, 1034, 1035, 1037, 1053, 1067, 1076, 1078, 1079, 1082, 1090, 1091, 1099, 1100, 1110, 1128, 1136, 1140, 1166, 1168, 1177, 1195, 1209, 1211, 1215, 1218, 1234, 1242, 1244, 1247, 1249, 1254, 1257, 1275, 1279, 1280, 1290, 1296, 1298, 1317, 1318, 1322, 1323, 1385, 1395, 1396, 1417, 1467, 1468, 1475, 1484, 1496, 1497, 1501, 1519]
Community1:
146           
[2, 6, 19, 27, 35, 36, 44, 65, 78, 79, 85, 87, 123, 129, 142, 144, 145, 147, 183, 189, 190, 195, 211, 215, 220, 224, 232, 244, 249, 265, 278, 290, 318, 322, 329, 331, 346, 349, 409, 410, 414, 415, 432, 434, 505, 518, 552, 563, 566, 574, 578, 593, 597, 620, 635, 644, 652, 654, 655, 656, 664, 668, 670, 671, 672, 708, 712, 719, 725, 756, 802, 808, 810, 812, 833, 837, 845, 859, 862, 868, 873, 879, 886, 899, 916, 918, 931, 953, 954, 956, 968, 970, 977, 986, 991, 997, 1015, 1016, 1017, 1020, 1022, 1030, 1042, 1052, 1075, 1094, 1098, 1121, 1127, 1130, 1132, 1133, 1137, 1156, 1159, 1200, 1203, 1221, 1251, 1260, 1261, 1277, 1278, 1304, 1324, 1330, 1336, 1351, 1353, 1398, 1403, 1408, 1410, 1415, 1420, 1425, 1430, 1453, 1483, 1485, 1504, 1514, 1518, 1522, 1523, 1524]
Community2:
136           
[1, 3, 7, 26, 30, 42, 50, 54, 60, 62, 72, 99, 106, 122, 132, 134, 135, 146, 155, 159, 161, 162, 163, 168, 173, 203, 234, 257, 291, 310, 312, 342, 356, 357, 366, 393, 404, 413, 418, 474, 477, 526, 543, 577, 580, 611, 618, 626, 677, 679, 683, 689, 690, 720, 738, 749, 787, 818, 834, 851, 852, 856, 857, 866, 883, 903, 949, 951, 1014, 1024, 1039, 1046, 1061, 1062, 1068, 1074, 1095, 1117, 1129, 1172, 1173, 1174, 1176, 1178, 1180, 1183, 1190, 1192, 1193, 1194, 1224, 1225, 1227, 1229, 1248, 1253, 1266, 1268, 1271, 1274, 1281, 1287, 1288, 1294, 1307, 1308, 1309, 1329, 1334, 1345, 1349, 1355, 1356, 1357, 1360, 1361, 1414, 1418, 1419, 1428, 1429, 1431, 1455, 1461, 1462, 1463, 1469, 1477, 1482, 1486, 1487, 1490, 1499, 1506, 1512, 1516]
Community3:
130           
[41, 59, 75, 80, 81, 91, 94, 100, 101, 114, 118, 120, 172, 176, 180, 184, 193, 198, 222, 233, 241, 242, 243, 256, 259, 260, 270, 277, 283, 285, 297, 320, 334, 338, 348, 351, 363, 364, 370, 386, 389, 422, 454, 467, 484, 494, 496, 497, 509, 515, 537, 573, 575, 595, 609, 615, 649, 650, 658, 659, 660, 684, 698, 707, 714, 732, 770, 777, 780, 805, 807, 813, 815, 820, 830, 836, 840, 843, 863, 877, 880, 928, 939, 942, 943, 944, 960, 965, 975, 999, 1001, 1021, 1023, 1026, 1028, 1031, 1040, 1041, 1043, 1059, 1066, 1101, 1107, 1109, 1114, 1116, 1119, 1155, 1163, 1167, 1186, 1199, 1204, 1213, 1236, 1237, 1241, 1259, 1285, 1302, 1305, 1321, 1340, 1369, 1422, 1423, 1424, 1427, 1442, 1478]
Community4:
119           
[17, 97, 98, 102, 115, 124, 128, 133, 156, 235, 236, 316, 324, 325, 355, 359, 423, 437, 460, 487, 488, 490, 523, 534, 542, 548, 549, 559, 560, 65, 567, 571, 582, 598, 602, 607, 608, 610, 612, 625, 629, 630, 631, 633, 645, 662, 666, 685, 706, 713, 715, 716, 717, 718, 724, 726, 729, 740, 750, 751, 760, 763, 775, 791, 794, 800, 842, 870, 890, 908, 924, 934, 945, 955, 980, 1012, 1033, 1049, 1069, 1070, 1071, 1072, 1080, 1093, 1096, 1154, 1158, 1161, 1165, 1188, 1207, 1210, 1212, 1216, 1243, 1256, 1262, 1263, 1292, 1303, 1311, 1354, 1377, 1397, 1401, 1409, 1439, 1443, 1476, 1479, 1480, 1498, 1509, 1511, 1513, 1515, 1517, 1520, 1521]
Community5:
115           
[8, 9, 12, 43, 55, 56, 90, 96, 105, 109, 140, 148, 174, 177, 276, 282, 288, 314, 319, 328, 339, 354, 372, 381, 394, 395, 398, 420, 456, 465, 470, 473, 479, 489, 493, 507, 508, 522, 527, 553, 554, 569, 581, 591, 601, 606, 621, 624, 634, 669, 711, 735, 746, 766, 767, 771, 772, 779, 790, 828, 844, 898, 988, 1000, 1003, 1013, 1018, 1027, 1055, 1083, 1106, 1111, 1118, 1134, 1141, 1143, 1145, 1147, 1148, 1149, 1150, 1151, 1152, 1157, 1162, 1181, 1184, 1191, 1196, 1197, 1198, 1206, 1265, 1276, 1291, 1312, 1313, 1319, 1327, 1333, 1337, 1352, 1358, 1379, 1387, 1402, 1406, 1434, 1440, 1450, 1451, 1495, 1502, 1503, 1510]
Community6:
110           
[29, 70, 76, 86, 104, 121, 125, 131, 181, 194, 204, 206, 239, 258, 271, 294, 295, 296, 353, 365, 380, 399, 424, 429, 448, 453, 457, 495, 498, 516, 530, 540, 550, 585, 600, 619, 657, 661, 665, 667, 686, 731, 764, 774, 783, 793, 817, 823, 824, 831, 850, 869, 932, 933, 950, 981, 987, 998, 1004, 1008, 1025, 1032, 1050, 1057, 1064, 1084, 1085, 1086, 1087, 1088, 1092, 1104, 1113, 1131, 1135, 1146, 1160, 1187, 1205, 1214, 1222, 1223, 1230, 1232, 1239, 1269, 1270, 1284, 1293, 1301, 1314, 1346, 1348, 1362, 1367, 1372, 1375, 1394, 1405, 1435, 1452, 1456, 1457, 1458, 1459, 1460, 1472, 1474, 1493, 1500]
Community7:
109           
[11, 13, 15, 20, 57, 58, 64, 108, 152, 158, 160, 165, 166, 251, 252, 284, 286, 293, 304, 315, 360, 376, 378, 382, 387, 396, 400, 401, 411, 428, 433, 436, 443, 444, 451, 452, 459, 463, 464, 469, 472, 476, 481, 499, 504, 517, 519, 528, 541, 570, 579, 586, 596, 613, 616, 639, 687, 700, 709, 743, 748, 757, 773, 776, 784, 785, 786, 804, 806, 811, 816, 832, 838, 864, 876, 888, 889, 891, 892, 893, 894, 895, 896, 897, 902, 904, 905, 909, 910, 911, 935, 936, 941, 962, 989, 993, 994, 1009, 1010, 1029, 1048, 1054, 1056, 1065, 1153, 1179, 1316, 1380, 1391]
Community8:
101           
[52, 84, 116, 126, 212, 226, 263, 267, 303, 305, 306, 309, 327, 362, 368, 371, 388, 391, 402, 405, 407, 408, 425, 439, 440, 461, 480, 513, 514, 521, 539, 545, 551, 555, 562, 568, 572, 587, 588, 589, 590, 604, 627, 636, 641, 647, 648, 651, 676, 678, 681, 696, 703, 723, 736, 737, 762, 765, 778, 788, 789, 795, 798, 846, 871, 937, 952, 964, 992, 1019, 1047, 1089, 1102, 1103, 1108, 1115, 1120, 1122, 1125, 1139, 1144, 1182, 1201, 1228, 1235, 1250, 1289, 1328, 1364, 1365, 1366, 1384, 1393, 1412, 1421, 1449, 1470, 1489, 1492, 1507, 1508]
Community9:
80           
[34, 38, 112, 209, 214, 221, 238, 250, 261, 266, 313, 335, 468, 475, 482, 483, 492, 500, 501, 502, 512, 535, 546, 564, 576, 583, 584, 594, 653, 663, 692, 693, 694, 695, 733, 747, 752, 761, 768, 796, 801, 819, 821, 822, 829, 835, 861, 878, 885, 914, 1005, 1038, 1063, 1105, 1112, 1189, 1217, 1231, 1233, 1245, 1252, 1255, 1273, 1282, 1286, 1332, 1335, 1339, 1342, 1343, 1344, 1359, 1370, 1376, 1399, 1407, 1438, 1481, 1488, 1491]
Community10:
70           
[48, 68, 88, 110, 138, 141, 149, 157, 225, 269, 289, 298, 302, 307, 323, 341, 367, 426, 427, 449, 511, 538, 557, 558, 599, 632, 637, 638, 642, 643, 646, 674, 697, 721, 728, 730, 741, 744, 753, 758, 782, 867, 923, 926, 961, 966, 969, 984, 1007, 1044, 1045, 1073, 1081, 1124, 1126, 1164, 1171, 1175, 1238, 1267, 1297, 1300, 1331, 1338, 1347, 1371, 1433, 1437, 1447, 1454]
Community11:
47           
[25, 47, 63, 95, 127, 154, 248, 374, 375, 385, 419, 547, 592, 603, 622, 623, 628, 682, 722, 797, 814, 826, 849, 865, 912, 925, 963, 990, 996, 1058, 1142, 1169, 1246, 1299, 1306, 1310, 1320, 1368, 1386, 1392, 1400, 1411, 1464, 1465, 1466, 1471, 1473]
Community12:
42           
[53, 219, 228, 245, 280, 299, 300, 321, 392, 416, 466, 699, 705, 710, 754, 803, 855, 1051, 1077, 1138, 1185, 1202, 1208, 1220, 1226, 1264, 1283, 1295, 1315, 1341, 1350, 1373, 1374, 1378, 1381, 1382, 1383, 1388, 1389, 1390, 1416, 1432]
Community13:
40           
[39, 51, 61, 83, 93, 151, 191, 199, 336, 347, 445, 525, 532, 536, 556, 614, 809, 827, 858, 882, 884, 907, 913, 921, 922, 927, 940, 971, 972, 974, 978, 979, 982, 1060, 1097, 1170, 1240, 1363, 1494, 1505]
Community14:
22           
[438, 441, 792, 887, 976, 983, 985, 1006, 1036, 1123, 1219, 1272, 1325, 1326, 1404, 1413, 1426, 1441, 1444, 1445, 1446, 1448]
Community15:
2           
[10, 1258]
Community16:
2           
[361, 1436]
Communities count: 17
Time2:
Community0:
90           
[48, 88, 131, 163, 194, 221, 239, 245, 263, 272, 278, 326, 327, 337, 345, 354, 398, 405, 415, 465, 537, 560, 568, 596, 610, 625, 632, 646, 667, 673, 688, 710, 726, 727, 768, 777, 831, 832, 841, 881, 883, 886, 924, 938, 980, 984, 986, 997, 998, 1004, 1006, 1013, 1039, 1051, 1097, 1107, 1127, 1168, 1174, 1178, 1187, 1199, 1208, 1227, 1228, 1248, 1253, 1262, 1265, 1270, 1272, 1280, 1287, 1304, 1316, 1323, 1328, 1382, 1408, 1442, 1591, 1598, 1599, 1632, 1658, 1685, 1696, 1700, 1704, 1720]
Community1:
75           
[38, 85, 95, 99, 109, 142, 144, 203, 238, 283, 299, 313, 475, 487, 545, 547, 555, 561, 592, 598, 606, 607, 642, 681, 707, 711, 712, 794, 801, 862, 969, 1070, 1080, 1083, 1118, 1121, 1175, 1180, 1225, 1238, 1246, 1251, 1260, 1292, 1327, 1385, 1393, 1400, 1401, 1443, 1447, 1466, 1467, 1474, 1500, 1502, 1503, 1527, 1538, 1543, 1556, 1557, 1570, 1571, 1586, 1595, 1613, 1623, 1634, 1693, 1712, 1715, 1719, 1724, 1726]
Community2:
73           
[42, 43, 72, 183, 212, 257, 297, 334, 342, 350, 374, 408, 484, 528, 548, 600, 679, 700, 743, 751, 795, 809, 814, 819, 822, 843, 847, 871, 885, 913, 964, 1019, 1031, 1050, 1059, 1109, 1117, 1142, 1161, 1162, 1171, 1176, 1185, 1195, 1224, 1289, 1354, 1372, 1379, 1406, 1410, 1415, 1448, 1507, 1534, 1551, 1552, 1553, 1558, 1559, 1574, 1578, 1583, 1597, 1603, 1606, 1610, 1614, 1621, 1642, 1663, 1691, 1709]
Community3:
73           
[58, 84, 87, 104, 209, 242, 271, 302, 375, 403, 432, 449, 451, 454, 460, 468, 470, 482, 513, 517, 543, 546, 595, 621, 713, 714, 716, 733, 783, 799, 842, 878, 884, 912, 927, 928, 1005, 1015, 1032, 1038, 1101, 1165, 1189, 1297, 1326, 1348, 1373, 1405, 1407, 1441, 1475, 1489, 1493, 1513, 1520, 1526, 1528, 1533, 1544, 1560, 1584, 1587, 1588, 1590, 1608, 1647, 1654, 1659, 1661, 1668, 1674, 1698, 1705]
Community4:
72           
[1, 2, 3, 32, 36, 128, 132, 135, 146, 161, 162, 189, 211, 219, 312, 319, 324, 329, 332, 352, 376, 430, 611, 612, 641, 677, 731, 744, 754, 779, 790, 824, 840, 846, 856, 983, 985, 1053, 1075, 1077, 1081, 1105, 1153, 1154, 1183, 1226, 1288, 1308, 1356, 1361, 1378, 1419, 1440, 1486, 1487, 1509, 1510, 1537, 1566, 1577, 1605, 1609, 1626, 1635, 1673, 1682, 1689, 1692, 1703, 1710, 1711, 1716]
Community5:
69           
[41, 61, 68, 147, 192, 225, 298, 321, 323, 339, 353, 379, 386, 389, 392, 421, 423, 439, 473, 494, 514, 518, 541, 542, 573, 578, 616, 762, 781, 784, 830, 866, 893, 950, 962, 988, 992, 1029, 1034, 1049, 1052, 1066, 1136, 1237, 1284, 1315, 1340, 1353, 1426, 1436, 1488, 1496, 1497, 1505, 1515, 1536, 1547, 1550, 1576, 1589, 1593, 1594, 1630, 1660, 1665, 1699, 1717, 1721, 1722]
Community6:
66           
[6, 8, 69, 152, 154, 177, 204, 260, 311, 346, 361, 463, 469, 527, 538, 576, 594, 599, 601, 638, 659, 674, 697, 728, 729, 752, 753, 788, 818, 864, 932, 958, 959, 995, 1009, 1024, 1037, 1056, 1065, 1068, 1069, 1103, 1131, 1169, 1188, 1305, 1402, 1417, 1420, 1452, 1453, 1517, 1539, 1562, 1563, 1573, 1581, 1620, 1622, 1628, 1631, 1639, 1640, 1649, 1671, 1727]
Community7:
63           
[53, 60, 63, 66, 70, 202, 214, 250, 277, 282, 286, 296, 300, 308, 378, 413, 431, 438, 503, 512, 525, 540, 557, 605, 617, 687, 704, 706, 734, 739, 749, 757, 923, 970, 1074, 1181, 1231, 1236, 1282, 1295, 1314, 1319, 1346, 1364, 1381, 1383, 1463, 1531, 1542, 1601, 1604, 1615, 1636, 1641, 1657, 1666, 1667, 1684, 1688, 1702, 1713, 1714, 1730]
Community8:
63           
[62, 160, 172, 191, 199, 291, 316, 377, 390, 393, 394, 425, 429, 437, 485, 495, 498, 509, 536, 615, 676, 738, 741, 765, 806, 933, 942, 990, 1018, 1026, 1042, 1043, 1060, 1111, 1113, 1190, 1206, 1213, 1255, 1290, 1332, 1358, 1367, 1368, 1421, 1437, 1454, 1485, 1504, 1516, 1541, 1567, 1568, 1569, 1582, 1585, 1653, 1672, 1677, 1686, 1687, 1723, 1729]
Community9:
60           
[19, 34, 73, 118, 141, 193, 224, 233, 276, 281, 422, 453, 456, 462, 516, 634, 635, 639, 643, 708, 725, 735, 810, 812, 852, 865, 966, 993, 1033, 1071, 1093, 1130, 1281, 1286, 1291, 1299, 1310, 1335, 1342, 1343, 1349, 1355, 1359, 1365, 1412, 1430, 1433, 1532, 1575, 1611, 1612, 1624, 1633, 1638, 1645, 1646, 1664, 1683, 1694, 1707]
Community10:
57           
[30, 90, 103, 114, 143, 201, 252, 254, 285, 294, 303, 325, 357, 409, 520, 539, 549, 563, 640, 658, 766, 770, 774, 793, 823, 863, 874, 899, 908, 919, 944, 949, 967, 973, 1063, 1215, 1235, 1362, 1363, 1395, 1397, 1427, 1431, 1438, 1468, 1479, 1514, 1518, 1525, 1548, 1549, 1554, 1643, 1644, 1652, 1697, 1701]
Community11:
56           
[9, 67, 155, 307, 309, 317, 318, 356, 358, 372, 373, 442, 483, 507, 526, 569, 645, 669, 686, 701, 740, 792, 798, 821, 828, 838, 858, 859, 901, 1014, 1036, 1123, 1167, 1184, 1194, 1196, 1313, 1329, 1338, 1352, 1386, 1396, 1403, 1424, 1501, 1508, 1521, 1522, 1579, 1580, 1618, 1625, 1637, 1650, 1651, 1676]
Community12:
56           
[29, 44, 47, 83, 96, 124, 173, 175, 249, 338, 367, 370, 395, 400, 402, 440, 447, 474, 502, 504, 593, 758, 778, 787, 802, 839, 974, 994, 1100, 1179, 1244, 1275, 1283, 1296, 1302, 1339, 1384, 1416, 1490, 1491, 1511, 1540, 1546, 1555, 1561, 1592, 1617, 1619, 1629, 1655, 1681, 1695, 1706, 1708, 1718, 1731]
Community13:
31           
[27, 52, 97, 322, 341, 443, 544, 552, 620, 652, 797, 800, 898, 975, 1021, 1072, 1078, 1079, 1158, 1211, 1217, 1256, 1285, 1317, 1377, 1413, 1423, 1449, 1600, 1680, 1725]
Community14:
26           
[12, 105, 174, 220, 234, 259, 366, 481, 585, 719, 870, 963, 1177, 1312, 1344, 1387, 1434, 1444, 1535, 1545, 1627, 1648, 1656, 1669, 1670, 1690]
Community15:
18           
[50, 57, 145, 314, 333, 582, 586, 626, 644, 654, 940, 1173, 1252, 1261, 1523, 1616, 1675, 1728]
Community16:
16           
[101, 176, 198, 228, 523, 609, 773, 815, 1269, 1375, 1472, 1529, 1564, 1565, 1662, 1679]
Community17:
5           
[59, 328, 581, 1602, 1678]
Community18:
3           
[808, 1596, 1607]
Community19:
2           
[180, 182]
Community20:
2           
[261, 835]
Community21:
2           
[817, 981]
Community22:
2           
[1132, 1425]
Community23:
2           
[1192, 1530]
Community24:
2           
[1429, 1572]
Community25:
2           
[1234, 1254]
Communities count: 26
Time3:
Community0:
66           
[1, 2, 3, 26, 32, 62, 167, 173, 243, 255, 302, 303, 312, 374, 375, 408, 443, 477, 498, 545, 569, 598, 640, 645, 652, 681, 687, 700, 731, 740, 752, 782, 790, 800, 840, 846, 851, 856, 865, 881, 933, 1110, 1117, 1130, 1154, 1167, 1185, 1189, 1238, 1270, 1272, 1315, 1317, 1335, 1340, 1349, 1352, 1371, 1409, 1412, 1620, 1629, 1662, 1728, 1751, 1779]
Community1:
55           
[36, 93, 118, 135, 155, 193, 211, 233, 409, 438, 462, 482, 525, 532, 536, 537, 538, 547, 593, 599, 605, 617, 621, 714, 724, 749, 817, 848, 878, 893, 938, 975, 1029, 1136, 1195, 1234, 1269, 1282, 1297, 1299, 1530, 1548, 1563, 1568, 1582, 1585, 1616, 1647, 1671, 1676, 1713, 1733, 1738, 1742, 1743]
Community2:
52           
[44, 52, 61, 69, 105, 109, 152, 199, 212, 249, 283, 286, 318, 474, 475, 502, 540, 592, 678, 725, 819, 852, 868, 871, 995, 1018, 1027, 1039, 1111, 1142, 1244, 1302, 1353, 1375, 1403, 1408, 1415, 1485, 1489, 1518, 1533, 1542, 1624, 1626, 1632, 1644, 1698, 1736, 1739, 1754, 1756, 1775]
Community3:
50           
[8, 9, 12, 19, 42, 72, 97, 124, 144, 161, 194, 220, 257, 260, 282, 295, 309, 344, 430, 507, 644, 726, 788, 794, 1034, 1118, 1255, 1265, 1271, 1308, 1312, 1313, 1329, 1342, 1343, 1344, 1359, 1467, 1535, 1622, 1716, 1719, 1731, 1752, 1753, 1758, 1759, 1761, 1763, 1780]
Community4:
46           
[47, 48, 63, 142, 168, 219, 378, 415, 454, 460, 543, 549, 673, 674, 679, 781, 812, 912, 974, 979, 997, 1056, 1121, 1127, 1157, 1203, 1251, 1253, 1260, 1350, 1379, 1423, 1487, 1494, 1513, 1520, 1521, 1540, 1575, 1639, 1665, 1669, 1737, 1744, 1765, 1773]
Community5:
43           
[68, 81, 85, 127, 172, 204, 234, 288, 298, 323, 384, 456, 468, 488, 495, 639, 739, 741, 809, 847, 969, 970, 1050, 1075, 1103, 1198, 1240, 1332, 1362, 1406, 1434, 1440, 1543, 1545, 1562, 1572, 1641, 1679, 1712, 1724, 1725, 1748, 1778]
Community6:
25           
[41, 176, 341, 342, 523, 699, 710, 898, 959, 971, 990, 1113, 1373, 1395, 1436, 1474, 1493, 1652, 1656, 1734, 1735, 1745, 1747, 1757, 1772]
Community7:
25           
[67, 214, 328, 642, 697, 711, 779, 1042, 1052, 1239, 1338, 1675, 1678, 1730, 1746, 1750, 1755, 1760, 1767, 1768, 1769, 1770, 1774, 1776, 1777]
Community8:
23           
[252, 271, 277, 297, 362, 391, 588, 638, 773, 783, 784, 798, 815, 899, 1049, 1072, 1158, 1380, 1391, 1497, 1673, 1688, 1741]
Community9:
21           
[132, 400, 601, 713, 727, 768, 774, 822, 884, 924, 1059, 1169, 1280, 1287, 1339, 1468, 1491, 1546, 1554, 1642, 1681]
Community10:
20           
[95, 175, 224, 317, 319, 377, 396, 431, 561, 626, 810, 960, 1161, 1295, 1310, 1316, 1387, 1431, 1452, 1579]
Community11:
19           
[27, 163, 256, 393, 394, 437, 509, 582, 861, 986, 1009, 1026, 1079, 1132, 1190, 1285, 1509, 1565, 1686]
Community12:
18           
[30, 395, 398, 447, 620, 654, 799, 874, 942, 983, 984, 1013, 1168, 1181, 1208, 1231, 1475, 1667]
Community13:
16           
[189, 346, 358, 367, 483, 518, 719, 1063, 1314, 1346, 1397, 1433, 1472, 1488, 1655, 1749]
Community14:
13           
[143, 201, 353, 361, 372, 471, 908, 1021, 1069, 1183, 1449, 1717, 1727]
Community15:
13           
[160, 191, 242, 429, 595, 624, 787, 823, 952, 1101, 1178, 1526, 1680]
Community16:
9           
[245, 254, 308, 615, 1281, 1283, 1762, 1764, 1771]
Community17:
6           
[281, 557, 708, 843, 1237, 1500]
Community18:
3           
[259, 1556, 1732]
Community19:
2           
[209, 1699]
Community20:
2           
[324, 329]
Community21:
2           
[389, 494]
Community22:
2           
[440, 1384]
Community23:
2           
[504, 1740]
Community24:
2           
[701, 858]
Community25:
2           
[792, 1036]
Community26:
2           
[54, 1128]
Community27:
2           
[1225, 1393]
Community28:
2           
[1290, 1677]
Community29:
2           
[1023, 1766]
Communities count: 30
Time4:
Community0:
57           
[15, 64, 89, 111, 118, 122, 137, 141, 182, 298, 328, 334, 357, 418, 492, 495, 523, 525, 585, 591, 612, 629, 708, 799, 812, 846, 875, 920, 1022, 1032, 1041, 1114, 1137, 1149, 1182, 1253, 1380, 1394, 1488, 1541, 1566, 1592, 1635, 1773, 1811, 1814, 1817, 1818, 1819, 1820, 1821, 1822, 1823, 1824, 1825, 1826, 1827]
Community1:
43           
[172, 212, 245, 249, 286, 342, 353, 384, 394, 400, 431, 468, 483, 503, 561, 588, 617, 710, 727, 773, 821, 830, 969, 975, 983, 1039, 1130, 1231, 1255, 1316, 1395, 1416, 1485, 1489, 1585, 1619, 1641, 1669, 1713, 1748, 1750, 1756, 1772]
Community2:
43           
[12, 39, 109, 143, 190, 194, 256, 309, 318, 335, 375, 415, 553, 600, 697, 735, 755, 798, 835, 852, 874, 893, 943, 952, 974, 997, 1214, 1215, 1260, 1312, 1343, 1376, 1385, 1387, 1425, 1467, 1543, 1553, 1582, 1618, 1768, 1804, 1808]
Community3:
35           
[70, 97, 105, 272, 303, 367, 456, 516, 569, 615, 639, 674, 681, 719, 749, 871, 995, 1027, 1042, 1052, 1132, 1238, 1289, 1297, 1308, 1340, 1373, 1445, 1624, 1625, 1724, 1771, 1788, 1789, 1810]
Community4:
31           
[9, 19, 52, 189, 260, 361, 430, 434, 443, 447, 942, 1034, 1046, 1081, 1181, 1313, 1314, 1332, 1342, 1346, 1433, 1545, 1645, 1730, 1731, 1749, 1754, 1781, 1783, 1803, 1806]
Community5:
28           
[1, 2, 3, 36, 93, 132, 211, 234, 312, 598, 620, 642, 687, 711, 754, 928, 1375, 1461, 1474, 1487, 1493, 1626, 1778, 1784, 1790, 1793, 1795, 1807]
Community6:
28           
[44, 51, 67, 95, 125, 131, 145, 175, 180, 547, 583, 634, 657, 810, 868, 1169, 1246, 1304, 1322, 1403, 1406, 1542, 1716, 1775, 1796, 1800, 1801, 1802]
Community7:
22           
[8, 32, 152, 319, 377, 438, 574, 818, 843, 847, 938, 1127, 1203, 1350, 1434, 1603, 1675, 1785, 1791, 1794, 1799, 1809]
Community8:
22           
[42, 72, 221, 278, 341, 344, 393, 520, 632, 1021, 1111, 1168, 1190, 1285, 1310, 1399, 1440, 1449, 1583, 1600, 1782, 1792]
Community9:
21           
[27, 271, 358, 398, 475, 502, 651, 652, 707, 783, 831, 862, 1009, 1013, 1031, 1136, 1397, 1686, 1728, 1738, 1739]
Community10:
16           
[63, 142, 144, 167, 191, 244, 396, 429, 494, 518, 586, 714, 1436, 1472, 1647, 1758]
Community11:
12           
[101, 193, 199, 233, 296, 899, 1362, 1509, 1565, 1608, 1676, 1805]
Community12:
12           
[474, 768, 898, 1280, 1287, 1344, 1491, 1517, 1546, 1554, 1562, 1786]
Community13:
11           
[140, 302, 308, 557, 967, 1118, 1281, 1338, 1644, 1762, 1815]
Community14:
11           
[59, 277, 283, 391, 626, 784, 840, 1029, 1282, 1688, 1741]
Community15:
9           
[198, 696, 713, 809, 884, 912, 1050, 1059, 1167]
Community16:
8           
[224, 311, 538, 593, 595, 621, 770, 1101]
Community17:
3           
[50, 856, 1398]
Community18:
3           
[423, 1026, 1717]
Community19:
2           
[257, 1161]
Community20:
2           
[291, 1787]
Community21:
2           
[372, 407]
Community22:
2           
[594, 1533]
Community23:
2           
[605, 1698]
Community24:
2           
[766, 1513]
Community25:
2           
[273, 1002]
Community26:
2           
[1186, 1816]
Community27:
2           
[1551, 1636]
Community28:
2           
[504, 1740]
Community29:
2           
[1797, 1798]
Community30:
2           
[1812, 1813]
Community31:
2           
[1183, 1349]
Communities count: 32
Time5:
Community0:
53           
[90, 105, 155, 175, 234, 271, 281, 317, 367, 398, 420, 423, 447, 474, 525, 544, 635, 719, 725, 755, 805, 810, 828, 1013, 1042, 1052, 1075, 1168, 1175, 1253, 1291, 1349, 1362, 1395, 1397, 1398, 1608, 1624, 1648, 1704, 1730, 1743, 1772, 1792, 1811, 1814, 1862, 1864, 1866, 1868, 1869, 1871, 1872]
Community1:
50           
[42, 48, 97, 249, 260, 308, 316, 372, 375, 429, 454, 509, 681, 699, 785, 809, 843, 967, 969, 1026, 1167, 1236, 1237, 1249, 1315, 1321, 1340, 1393, 1406, 1413, 1540, 1649, 1700, 1720, 1724, 1725, 1748, 1791, 1834, 1835, 1836, 1837, 1839, 1843, 1844, 1845, 1847, 1853, 1863, 1867]
Community2:
43           
[32, 36, 41, 67, 176, 183, 289, 357, 366, 415, 479, 536, 673, 768, 783, 927, 1127, 1227, 1280, 1343, 1359, 1391, 1403, 1546, 1573, 1587, 1657, 1675, 1676, 1731, 1741, 1749, 1771, 1786, 1789, 1807, 1809, 1828, 1829, 1832, 1838, 1856, 1857]
Community3:
28           
[9, 61, 145, 224, 341, 394, 456, 463, 475, 492, 708, 747, 792, 847, 899, 1021, 1097, 1132, 1181, 1190, 1255, 1308, 1380, 1488, 1542, 1644, 1758, 1854]
Community4:
26           
[52, 109, 140, 256, 302, 342, 431, 443, 495, 520, 557, 561, 617, 639, 770, 975, 1282, 1310, 1543, 1637, 1713, 1750, 1848, 1855, 1861, 1870]
Community5:
24           
[27, 69, 193, 198, 298, 323, 393, 585, 620, 652, 970, 983, 985, 1000, 1079, 1130, 1208, 1220, 1285, 1372, 1565, 1585, 1641, 1788]
Community6:
24           
[114, 143, 201, 318, 547, 553, 701, 711, 784, 973, 1118, 1246, 1279, 1338, 1402, 1505, 1601, 1619, 1639, 1727, 1737, 1768, 1815, 1858]
Community7:
20           
[95, 642, 697, 710, 808, 924, 1034, 1281, 1283, 1452, 1472, 1517, 1562, 1762, 1767, 1796, 1840, 1842, 1849, 1859]
Community8:
17           
[1, 3, 44, 93, 132, 146, 189, 211, 312, 1038, 1626, 1784, 1800, 1801, 1846, 1850, 1851]
Community9:
15           
[346, 469, 503, 1217, 1344, 1375, 1474, 1485, 1629, 1756, 1781, 1833, 1841, 1852, 1865]
Community10:
14           
[12, 204, 221, 244, 405, 645, 868, 974, 1183, 1231, 1752, 1783, 1808, 1831]
Community11:
13           
[303, 334, 523, 799, 812, 1312, 1332, 1387, 1434, 1535, 1545, 1556, 1592]
Community12:
5           
[63, 494, 993, 1860, 1873]
Community13:
4           
[51, 582, 1436, 1775]
Community14:
3           
[621, 830, 1647]
Community15:
3           
[483, 583, 821]
Community16:
3           
[1049, 1050, 1454]
Community17:
2           
[396, 586]
Community18:
2           
[696, 713]
Community19:
2           
[199, 959]
Community20:
2           
[980, 1603]
Community21:
2           
[1072, 1158]
Community22:
2           
[131, 1248]
Community23:
2           
[1314, 1346]
Community24:
2           
[277, 1688]
Community25:
2           
[605, 1698]
Community26:
2           
[1797, 1798]
Community27:
2           
[518, 1830]
Communities count: 28